8.608020000000000493e+01 4.429754333496093750e+02 2.600000000000000000e+01
8.675400000000000489e+01 4.435084533691406250e+02 3.500000000000000000e+01
8.675400000000000489e+01 4.431163940429687500e+02 3.300000000000000000e+01
8.742719999999999914e+01 4.439577026367187500e+02 2.700000000000000000e+01
8.742719999999999914e+01 4.444695739746093750e+02 2.100000000000000000e+01
8.776380000000000337e+01 4.440313110351562500e+02 2.500000000000000000e+01
8.776380000000000337e+01 4.431839599609375000e+02 2.100000000000000000e+01
8.810099999999999909e+01 4.445498962402343750e+02 2.400000000000000000e+01
8.810099999999999909e+01 4.441378479003906250e+02 2.200000000000000000e+01
8.810099999999999909e+01 4.431223449707031250e+02 2.100000000000000000e+01
8.877419999999999334e+01 4.440635375976562500e+02 3.100000000000000000e+01
8.877419999999999334e+01 4.444994201660156250e+02 2.200000000000000000e+01
8.944799999999999329e+01 4.439938659667968750e+02 2.100000000000000000e+01
8.978520000000000323e+01 4.429721374511718750e+02 4.100000000000000000e+01
8.978520000000000323e+01 4.440162048339843750e+02 2.300000000000000000e+01
9.012179999999999325e+01 4.440936889648437500e+02 2.400000000000000000e+01
9.046020000000000039e+01 4.439782714843750000e+02 2.300000000000000000e+01
9.079619999999999891e+01 4.430957946777343750e+02 2.800000000000000000e+01
9.180719999999999459e+01 4.438645324707031250e+02 3.200000000000000000e+01
9.214499999999999602e+01 4.430386657714843750e+02 2.900000000000000000e+01
9.281879999999999598e+01 4.430187377929687500e+02 2.400000000000000000e+01
9.281879999999999598e+01 4.435781555175781250e+02 2.100000000000000000e+01
9.315600000000000591e+01 4.430758056640625000e+02 2.900000000000000000e+01
9.349200000000000443e+01 4.449146118164062500e+02 2.700000000000000000e+01
9.349200000000000443e+01 4.431309204101562500e+02 2.300000000000000000e+01
9.382920000000000016e+01 4.431774902343750000e+02 3.600000000000000000e+01
9.416580000000000439e+01 4.431307067871093750e+02 2.100000000000000000e+01
9.450300000000000011e+01 4.440777893066406250e+02 2.200000000000000000e+01
9.584999999999999432e+01 4.431156311035156250e+02 2.400000000000000000e+01
9.618720000000000425e+01 4.430086669921875000e+02 2.600000000000000000e+01
9.618720000000000425e+01 4.435337524414062500e+02 2.300000000000000000e+01
9.618720000000000425e+01 4.432041931152343750e+02 2.100000000000000000e+01
9.685980000000000700e+01 4.432138671875000000e+02 2.900000000000000000e+01
9.685980000000000700e+01 4.444609375000000000e+02 2.400000000000000000e+01
9.753419999999999845e+01 4.430256347656250000e+02 2.400000000000000000e+01
9.753419999999999845e+01 4.431679687500000000e+02 2.200000000000000000e+01
9.820680000000000121e+01 4.431087951660156250e+02 2.300000000000000000e+01
9.854399999999999693e+01 4.439448852539062500e+02 2.300000000000000000e+01
9.854399999999999693e+01 4.437754211425781250e+02 2.100000000000000000e+01
9.888120000000000687e+01 4.439967651367187500e+02 3.700000000000000000e+01
9.921779999999999688e+01 4.449456787109375000e+02 2.400000000000000000e+01
9.955500000000000682e+01 4.430968322753906250e+02 2.300000000000000000e+01
9.989220000000000255e+01 4.433626403808593750e+02 2.300000000000000000e+01
1.002282000000000011e+02 4.439952087402343750e+02 2.100000000000000000e+01
1.005648000000000053e+02 4.442367553710937500e+02 2.200000000000000000e+01
1.005648000000000053e+02 4.433045654296875000e+02 2.100000000000000000e+01
1.005648000000000053e+02 4.449268188476562500e+02 2.100000000000000000e+01
1.009020000000000010e+02 4.439495849609375000e+02 2.800000000000000000e+01
1.009020000000000010e+02 4.441125183105468750e+02 2.100000000000000000e+01
1.019117999999999995e+02 4.447578125000000000e+02 2.600000000000000000e+01
1.025879999999999939e+02 4.440744934082031250e+02 2.100000000000000000e+01
1.029240000000000066e+02 4.440913696289062500e+02 2.600000000000000000e+01
1.032612000000000023e+02 4.430014953613281250e+02 3.800000000000000000e+01
1.035978000000000065e+02 4.430914306640625000e+02 3.600000000000000000e+01
1.035978000000000065e+02 4.434236145019531250e+02 2.100000000000000000e+01
1.042721999999999980e+02 4.430948486328125000e+02 3.400000000000000000e+01
1.042721999999999980e+02 4.442072448730468750e+02 2.800000000000000000e+01
1.046081999999999965e+02 4.440690917968750000e+02 2.200000000000000000e+01
1.056192000000000064e+02 4.442139282226562500e+02 2.700000000000000000e+01
1.059557999999999964e+02 4.432448730468750000e+02 2.200000000000000000e+01
1.066302000000000021e+02 4.440686645507812500e+02 2.300000000000000000e+01
1.069692000000000007e+02 4.431112976074218750e+02 2.700000000000000000e+01
1.069692000000000007e+02 4.442183837890625000e+02 2.500000000000000000e+01
1.073058000000000050e+02 4.430901489257812500e+02 3.000000000000000000e+01
1.076430000000000007e+02 4.441466979980468750e+02 2.800000000000000000e+01
1.076430000000000007e+02 4.438322448730468750e+02 2.700000000000000000e+01
1.076430000000000007e+02 4.446357421875000000e+02 2.300000000000000000e+01
1.079801999999999964e+02 4.440550231933593750e+02 3.400000000000000000e+01
1.083168000000000006e+02 4.440540771484375000e+02 2.500000000000000000e+01
1.083168000000000006e+02 4.430013732910156250e+02 2.400000000000000000e+01
1.083168000000000006e+02 4.442319030761718750e+02 2.200000000000000000e+01
1.093272000000000048e+02 4.440315856933593750e+02 2.700000000000000000e+01
1.100010000000000048e+02 4.449397583007812500e+02 2.500000000000000000e+01
1.100010000000000048e+02 4.445767517089843750e+02 2.400000000000000000e+01
1.103382000000000005e+02 4.440014343261718750e+02 3.000000000000000000e+01
1.110108000000000033e+02 4.444985656738281250e+02 2.200000000000000000e+01
1.113479999999999990e+02 4.440564270019531250e+02 3.100000000000000000e+01
1.116851999999999947e+02 4.430885009765625000e+02 3.800000000000000000e+01
1.130340000000000060e+02 4.430895690917968750e+02 3.900000000000000000e+01
1.133712000000000018e+02 4.430873718261718750e+02 2.800000000000000000e+01
1.140438000000000045e+02 4.431773071289062500e+02 3.000000000000000000e+01
1.143810000000000002e+02 4.430098876953125000e+02 2.300000000000000000e+01
1.143810000000000002e+02 4.440360107421875000e+02 2.200000000000000000e+01
1.147181999999999960e+02 4.430866699218750000e+02 4.200000000000000000e+01
1.147181999999999960e+02 4.441658325195312500e+02 3.500000000000000000e+01
