9.146999999999999886e+01 6.641090087890625000e+02 2.400000000000000000e+01
9.146999999999999886e+01 6.650970458984375000e+02 2.300000000000000000e+01
9.146999999999999886e+01 6.655627441406250000e+02 2.300000000000000000e+01
9.382920000000000016e+01 6.641154785156250000e+02 2.100000000000000000e+01
9.584999999999999432e+01 6.641213989257812500e+02 3.900000000000000000e+01
9.618720000000000425e+01 6.639415283203125000e+02 2.400000000000000000e+01
9.719700000000000273e+01 6.652339477539062500e+02 3.000000000000000000e+01
9.719700000000000273e+01 6.649914550781250000e+02 2.100000000000000000e+01
9.921779999999999688e+01 6.639485473632812500e+02 2.200000000000000000e+01
9.989220000000000255e+01 6.650306396484375000e+02 2.400000000000000000e+01
1.032612000000000023e+02 6.638400878906250000e+02 2.300000000000000000e+01
1.046081999999999965e+02 6.638756103515625000e+02 2.200000000000000000e+01
1.056192000000000064e+02 6.643226318359375000e+02 2.100000000000000000e+01
1.059557999999999964e+02 6.647486572265625000e+02 2.600000000000000000e+01
1.062930000000000064e+02 6.642984619140625000e+02 2.700000000000000000e+01
1.066302000000000021e+02 6.650296020507812500e+02 3.300000000000000000e+01
1.069692000000000007e+02 6.648233642578125000e+02 2.100000000000000000e+01
1.083168000000000006e+02 6.652617187500000000e+02 2.500000000000000000e+01
1.089912000000000063e+02 6.641704101562500000e+02 2.200000000000000000e+01
1.123602000000000061e+02 6.641425781250000000e+02 2.100000000000000000e+01
1.133712000000000018e+02 6.638988037109375000e+02 2.400000000000000000e+01
1.133712000000000018e+02 6.645302124023437500e+02 2.300000000000000000e+01
1.140438000000000045e+02 6.642283935546875000e+02 2.500000000000000000e+01
1.147181999999999960e+02 6.641841430664062500e+02 2.300000000000000000e+01
