9.281879999999999598e+01 6.089727783203125000e+02 2.600000000000000000e+01
9.551279999999999859e+01 6.089917602539062500e+02 2.500000000000000000e+01
9.584999999999999432e+01 6.075156250000000000e+02 3.100000000000000000e+01
9.584999999999999432e+01 6.088615722656250000e+02 2.800000000000000000e+01
9.652320000000000277e+01 6.091133422851562500e+02 3.900000000000000000e+01
9.820680000000000121e+01 6.082658691406250000e+02 3.300000000000000000e+01
9.854399999999999693e+01 6.078973388671875000e+02 3.200000000000000000e+01
1.009020000000000010e+02 6.088582153320312500e+02 2.100000000000000000e+01
1.022507999999999981e+02 6.092128906250000000e+02 2.400000000000000000e+01
1.046081999999999965e+02 6.082716674804687500e+02 2.500000000000000000e+01
1.069692000000000007e+02 6.092713623046875000e+02 2.400000000000000000e+01
1.076430000000000007e+02 6.083115234375000000e+02 2.100000000000000000e+01
1.103382000000000005e+02 6.082672729492187500e+02 2.200000000000000000e+01
1.147181999999999960e+02 6.079793090820312500e+02 2.400000000000000000e+01
1.167390000000000043e+02 6.077124633789062500e+02 3.200000000000000000e+01
1.204428000000000054e+02 6.092906494140625000e+02 2.200000000000000000e+01
1.211171999999999969e+02 6.080427246093750000e+02 2.100000000000000000e+01
