9.551279999999999859e+01 4.399917602539062500e+02 2.200000000000000000e+01
9.551279999999999859e+01 4.398156433105468750e+02 2.100000000000000000e+01
9.584999999999999432e+01 4.399721374511718750e+02 3.000000000000000000e+01
9.618720000000000425e+01 4.400904235839843750e+02 2.600000000000000000e+01
9.652320000000000277e+01 4.390531005859375000e+02 3.300000000000000000e+01
9.685980000000000700e+01 4.400569152832031250e+02 3.100000000000000000e+01
9.685980000000000700e+01 4.408927307128906250e+02 2.100000000000000000e+01
9.719700000000000273e+01 4.400386962890625000e+02 2.700000000000000000e+01
9.753419999999999845e+01 4.391241455078125000e+02 3.100000000000000000e+01
9.753419999999999845e+01 4.400972900390625000e+02 2.900000000000000000e+01
9.787080000000000268e+01 4.390807800292968750e+02 2.600000000000000000e+01
9.820680000000000121e+01 4.402293701171875000e+02 2.100000000000000000e+01
9.854399999999999693e+01 4.401500549316406250e+02 2.200000000000000000e+01
9.888120000000000687e+01 4.401231689453125000e+02 2.500000000000000000e+01
9.888120000000000687e+01 4.399597167968750000e+02 2.200000000000000000e+01
9.921779999999999688e+01 4.401762695312500000e+02 3.400000000000000000e+01
9.921779999999999688e+01 4.390358276367187500e+02 2.900000000000000000e+01
9.955500000000000682e+01 4.400390014648437500e+02 2.700000000000000000e+01
9.955500000000000682e+01 4.391242980957031250e+02 2.100000000000000000e+01
9.989220000000000255e+01 4.408983154296875000e+02 2.600000000000000000e+01
1.002282000000000011e+02 4.399126586914062500e+02 2.800000000000000000e+01
1.002282000000000011e+02 4.390708618164062500e+02 2.400000000000000000e+01
1.009020000000000010e+02 4.400684814453125000e+02 2.200000000000000000e+01
1.012391999999999967e+02 4.400259704589843750e+02 2.600000000000000000e+01
1.015758000000000010e+02 4.408962097167968750e+02 2.100000000000000000e+01
1.022507999999999981e+02 4.402937011718750000e+02 2.900000000000000000e+01
1.025879999999999939e+02 4.391024475097656250e+02 2.300000000000000000e+01
1.029240000000000066e+02 4.391222534179687500e+02 3.100000000000000000e+01
1.029240000000000066e+02 4.400343017578125000e+02 2.100000000000000000e+01
1.035978000000000065e+02 4.398254089355468750e+02 2.900000000000000000e+01
1.039350000000000023e+02 4.399411926269531250e+02 3.200000000000000000e+01
1.046081999999999965e+02 4.390025939941406250e+02 2.700000000000000000e+01
1.046081999999999965e+02 4.395393981933593750e+02 2.500000000000000000e+01
1.049448000000000008e+02 4.404738769531250000e+02 3.600000000000000000e+01
1.062930000000000064e+02 4.399306030273437500e+02 3.100000000000000000e+01
1.062930000000000064e+02 4.390077514648437500e+02 2.500000000000000000e+01
1.066302000000000021e+02 4.398620910644531250e+02 2.800000000000000000e+01
1.073058000000000050e+02 4.397934875488281250e+02 2.500000000000000000e+01
1.073058000000000050e+02 4.409142456054687500e+02 2.200000000000000000e+01
1.096637999999999948e+02 4.390131530761718750e+02 3.000000000000000000e+01
1.103382000000000005e+02 4.399644165039062500e+02 3.500000000000000000e+01
1.103382000000000005e+02 4.398773498535156250e+02 2.400000000000000000e+01
1.106748000000000047e+02 4.389834289550781250e+02 2.900000000000000000e+01
1.116851999999999947e+02 4.400759887695312500e+02 2.200000000000000000e+01
1.126967999999999961e+02 4.398237609863281250e+02 2.500000000000000000e+01
1.133712000000000018e+02 4.391336669921875000e+02 2.500000000000000000e+01
1.137072000000000003e+02 4.400291137695312500e+02 2.900000000000000000e+01
1.140438000000000045e+02 4.391333312988281250e+02 2.500000000000000000e+01
1.140438000000000045e+02 4.390131530761718750e+02 2.400000000000000000e+01
1.147181999999999960e+02 4.400668640136718750e+02 2.100000000000000000e+01
1.150548000000000002e+02 4.391102294921875000e+02 2.200000000000000000e+01
1.150548000000000002e+02 4.404559631347656250e+02 2.200000000000000000e+01
1.157279999999999944e+02 4.402058410644531250e+02 2.500000000000000000e+01
1.160652000000000044e+02 4.392119140625000000e+02 2.300000000000000000e+01
1.170750000000000028e+02 4.400935974121093750e+02 2.600000000000000000e+01
1.170750000000000028e+02 4.406315002441406250e+02 2.200000000000000000e+01
1.170750000000000028e+02 4.399165039062500000e+02 2.100000000000000000e+01
1.174121999999999986e+02 4.400543518066406250e+02 2.700000000000000000e+01
1.180859999999999985e+02 4.409279174804687500e+02 2.600000000000000000e+01
1.184231999999999942e+02 4.391092529296875000e+02 2.700000000000000000e+01
1.187592000000000070e+02 4.401123352050781250e+02 3.300000000000000000e+01
1.187592000000000070e+02 4.399425354003906250e+02 2.200000000000000000e+01
1.190957999999999970e+02 4.400583801269531250e+02 3.200000000000000000e+01
1.194330000000000069e+02 4.400292968750000000e+02 5.200000000000000000e+01
1.194330000000000069e+02 4.405839538574218750e+02 2.500000000000000000e+01
1.194330000000000069e+02 4.390389099121093750e+02 2.400000000000000000e+01
1.194330000000000069e+02 4.391817321777343750e+02 2.100000000000000000e+01
1.201068000000000069e+02 4.400101013183593750e+02 2.400000000000000000e+01
1.201068000000000069e+02 4.395989074707031250e+02 2.400000000000000000e+01
1.207800000000000011e+02 4.401107177734375000e+02 2.800000000000000000e+01
1.211171999999999969e+02 4.390904541015625000e+02 2.600000000000000000e+01
1.211171999999999969e+02 4.401046447753906250e+02 2.100000000000000000e+01
1.214538000000000011e+02 4.409421997070312500e+02 2.200000000000000000e+01
1.214538000000000011e+02 4.405168151855468750e+02 2.100000000000000000e+01
1.214538000000000011e+02 4.391022644042968750e+02 2.100000000000000000e+01
1.217897999999999996e+02 4.403542785644531250e+02 2.200000000000000000e+01
1.221269999999999953e+02 4.390404052734375000e+02 2.400000000000000000e+01
1.224659999999999940e+02 4.391083984375000000e+02 3.000000000000000000e+01
1.224659999999999940e+02 4.401154785156250000e+02 2.400000000000000000e+01
1.231392000000000024e+02 4.400270080566406250e+02 2.200000000000000000e+01
1.234758000000000067e+02 4.391688232421875000e+02 2.700000000000000000e+01
1.238130000000000024e+02 4.391393737792968750e+02 2.800000000000000000e+01
1.248251999999999953e+02 4.390562133789062500e+02 2.500000000000000000e+01
1.248251999999999953e+02 4.408505859375000000e+02 2.100000000000000000e+01
