9.517619999999999436e+01 6.222086791992187500e+02 3.100000000000000000e+01
9.584999999999999432e+01 6.224558105468750000e+02 3.000000000000000000e+01
9.618720000000000425e+01 6.226508789062500000e+02 2.300000000000000000e+01
9.753419999999999845e+01 6.221167602539062500e+02 2.100000000000000000e+01
9.820680000000000121e+01 6.214717407226562500e+02 2.900000000000000000e+01
9.888120000000000687e+01 6.210727539062500000e+02 2.300000000000000000e+01
9.955500000000000682e+01 6.209440307617187500e+02 2.400000000000000000e+01
1.019117999999999995e+02 6.210260009765625000e+02 2.200000000000000000e+01
1.069692000000000007e+02 6.208767700195312500e+02 2.500000000000000000e+01
1.096637999999999948e+02 6.222423706054687500e+02 2.500000000000000000e+01
1.100010000000000048e+02 6.217584838867187500e+02 2.300000000000000000e+01
1.123602000000000061e+02 6.211366577148437500e+02 2.500000000000000000e+01
1.126967999999999961e+02 6.226575927734375000e+02 2.400000000000000000e+01
1.221269999999999953e+02 6.220361938476562500e+02 2.400000000000000000e+01
1.224659999999999940e+02 6.210983886718750000e+02 2.200000000000000000e+01
1.231392000000000024e+02 6.211110839843750000e+02 2.800000000000000000e+01
1.231392000000000024e+02 6.216723632812500000e+02 2.200000000000000000e+01
