9.618720000000000425e+01 4.370523376464843750e+02 3.100000000000000000e+01
9.652320000000000277e+01 4.369313049316406250e+02 2.700000000000000000e+01
9.685980000000000700e+01 4.360267639160156250e+02 4.400000000000000000e+01
9.719700000000000273e+01 4.364248657226562500e+02 2.100000000000000000e+01
9.753419999999999845e+01 4.370370788574218750e+02 4.000000000000000000e+01
9.753419999999999845e+01 4.360172424316406250e+02 3.200000000000000000e+01
9.787080000000000268e+01 4.359336547851562500e+02 2.300000000000000000e+01
9.955500000000000682e+01 4.370260314941406250e+02 2.100000000000000000e+01
9.989220000000000255e+01 4.370379638671875000e+02 2.700000000000000000e+01
1.002282000000000011e+02 4.370423889160156250e+02 3.300000000000000000e+01
1.005648000000000053e+02 4.370278625488281250e+02 2.600000000000000000e+01
1.005648000000000053e+02 4.361394958496093750e+02 2.200000000000000000e+01
1.009020000000000010e+02 4.370041198730468750e+02 5.900000000000000000e+01
1.012391999999999967e+02 4.370181884765625000e+02 2.800000000000000000e+01
1.015758000000000010e+02 4.370697326660156250e+02 2.200000000000000000e+01
1.015758000000000010e+02 4.358497314453125000e+02 2.100000000000000000e+01
1.019117999999999995e+02 4.361030578613281250e+02 2.500000000000000000e+01
1.019117999999999995e+02 4.362496948242187500e+02 2.300000000000000000e+01
1.025879999999999939e+02 4.353640136718750000e+02 2.300000000000000000e+01
1.029240000000000066e+02 4.359449157714843750e+02 2.300000000000000000e+01
1.029240000000000066e+02 4.360976562500000000e+02 2.200000000000000000e+01
1.032612000000000023e+02 4.361548461914062500e+02 3.600000000000000000e+01
1.032612000000000023e+02 4.360311889648437500e+02 3.400000000000000000e+01
1.035978000000000065e+02 4.360519714355468750e+02 2.600000000000000000e+01
1.035978000000000065e+02 4.370449829101562500e+02 2.600000000000000000e+01
1.039350000000000023e+02 4.371575927734375000e+02 2.200000000000000000e+01
1.046081999999999965e+02 4.370832214355468750e+02 3.000000000000000000e+01
1.052819999999999965e+02 4.365021972656250000e+02 3.500000000000000000e+01
1.066302000000000021e+02 4.354887695312500000e+02 3.100000000000000000e+01
1.069692000000000007e+02 4.370504150390625000e+02 2.600000000000000000e+01
1.073058000000000050e+02 4.369082946777343750e+02 2.900000000000000000e+01
1.086539999999999964e+02 4.360413818359375000e+02 2.900000000000000000e+01
1.089912000000000063e+02 4.359651794433593750e+02 2.200000000000000000e+01
1.093272000000000048e+02 4.371000671386718750e+02 2.100000000000000000e+01
1.096637999999999948e+02 4.368372497558593750e+02 2.300000000000000000e+01
1.100010000000000048e+02 4.359326782226562500e+02 2.300000000000000000e+01
1.106748000000000047e+02 4.367983398437500000e+02 2.100000000000000000e+01
1.110108000000000033e+02 4.361783447265625000e+02 3.100000000000000000e+01
1.113479999999999990e+02 4.367801513671875000e+02 2.200000000000000000e+01
1.126967999999999961e+02 4.362000732421875000e+02 2.400000000000000000e+01
1.130340000000000060e+02 4.369571838378906250e+02 3.200000000000000000e+01
1.130340000000000060e+02 4.361318664550781250e+02 3.100000000000000000e+01
1.130340000000000060e+02 4.371108398437500000e+02 2.700000000000000000e+01
1.140438000000000045e+02 4.370318908691406250e+02 3.600000000000000000e+01
1.157279999999999944e+02 4.358312683105468750e+02 2.400000000000000000e+01
1.160652000000000044e+02 4.360871276855468750e+02 2.500000000000000000e+01
1.164017999999999944e+02 4.362350158691406250e+02 2.400000000000000000e+01
1.164017999999999944e+02 4.365598449707031250e+02 2.200000000000000000e+01
1.170750000000000028e+02 4.359665222167968750e+02 3.200000000000000000e+01
1.170750000000000028e+02 4.355514831542968750e+02 2.500000000000000000e+01
1.177488000000000028e+02 4.353902893066406250e+02 2.500000000000000000e+01
1.184231999999999942e+02 4.365164794921875000e+02 2.700000000000000000e+01
1.184231999999999942e+02 4.370265502929687500e+02 2.400000000000000000e+01
1.184231999999999942e+02 4.362819519042968750e+02 2.400000000000000000e+01
1.187592000000000070e+02 4.370803833007812500e+02 2.500000000000000000e+01
1.187592000000000070e+02 4.369459838867187500e+02 2.300000000000000000e+01
1.194330000000000069e+02 4.361265869140625000e+02 2.400000000000000000e+01
1.201068000000000069e+02 4.371007690429687500e+02 2.700000000000000000e+01
1.207800000000000011e+02 4.369776916503906250e+02 2.200000000000000000e+01
1.211171999999999969e+02 4.370935668945312500e+02 3.700000000000000000e+01
1.214538000000000011e+02 4.370732116699218750e+02 2.200000000000000000e+01
1.217897999999999996e+02 4.364596252441406250e+02 2.100000000000000000e+01
1.221269999999999953e+02 4.371170349121093750e+02 3.600000000000000000e+01
1.224659999999999940e+02 4.371014404296875000e+02 3.000000000000000000e+01
1.231392000000000024e+02 4.371062622070312500e+02 5.900000000000000000e+01
1.234758000000000067e+02 4.370975646972656250e+02 3.800000000000000000e+01
1.238130000000000024e+02 4.370975036621093750e+02 8.600000000000000000e+01
1.241508000000000038e+02 4.371006164550781250e+02 6.300000000000000000e+01
1.241508000000000038e+02 4.367742919921875000e+02 2.100000000000000000e+01
1.244879999999999995e+02 4.371038208007812500e+02 7.200000000000000000e+01
1.248251999999999953e+02 4.371123352050781250e+02 7.300000000000000000e+01
1.251611999999999938e+02 4.370935668945312500e+02 6.200000000000000000e+01
1.251611999999999938e+02 4.361309814453125000e+02 2.100000000000000000e+01
1.254977999999999980e+02 4.370921936035156250e+02 6.600000000000000000e+01
