9.955500000000000682e+01 4.381067199707031250e+02 2.400000000000000000e+01
9.955500000000000682e+01 4.375192565917968750e+02 2.200000000000000000e+01
9.955500000000000682e+01 4.370260314941406250e+02 2.100000000000000000e+01
9.989220000000000255e+01 4.370379638671875000e+02 2.700000000000000000e+01
1.002282000000000011e+02 4.370423889160156250e+02 3.300000000000000000e+01
1.005648000000000053e+02 4.370278625488281250e+02 2.600000000000000000e+01
1.005648000000000053e+02 4.361394958496093750e+02 2.200000000000000000e+01
1.005648000000000053e+02 4.380234680175781250e+02 2.100000000000000000e+01
1.009020000000000010e+02 4.370041198730468750e+02 5.900000000000000000e+01
1.009020000000000010e+02 4.372165527343750000e+02 2.200000000000000000e+01
1.012391999999999967e+02 4.370181884765625000e+02 2.800000000000000000e+01
1.015758000000000010e+02 4.370697326660156250e+02 2.200000000000000000e+01
1.019117999999999995e+02 4.362496948242187500e+02 2.300000000000000000e+01
1.025879999999999939e+02 4.377394104003906250e+02 2.900000000000000000e+01
1.032612000000000023e+02 4.361548461914062500e+02 3.600000000000000000e+01
1.035978000000000065e+02 4.376445922851562500e+02 3.600000000000000000e+01
1.035978000000000065e+02 4.370449829101562500e+02 2.600000000000000000e+01
1.039350000000000023e+02 4.371575927734375000e+02 2.200000000000000000e+01
1.042721999999999980e+02 4.380001831054687500e+02 3.600000000000000000e+01
1.046081999999999965e+02 4.370832214355468750e+02 3.000000000000000000e+01
1.052819999999999965e+02 4.365021972656250000e+02 3.500000000000000000e+01
1.062930000000000064e+02 4.381059570312500000e+02 2.300000000000000000e+01
1.069692000000000007e+02 4.370504150390625000e+02 2.600000000000000000e+01
1.073058000000000050e+02 4.369082946777343750e+02 2.900000000000000000e+01
1.083168000000000006e+02 4.380950317382812500e+02 2.200000000000000000e+01
1.089912000000000063e+02 4.378485107421875000e+02 2.100000000000000000e+01
1.093272000000000048e+02 4.371000671386718750e+02 2.100000000000000000e+01
1.096637999999999948e+02 4.368372497558593750e+02 2.300000000000000000e+01
1.103382000000000005e+02 4.378019409179687500e+02 3.200000000000000000e+01
1.106748000000000047e+02 4.367983398437500000e+02 2.100000000000000000e+01
1.110108000000000033e+02 4.361783447265625000e+02 3.100000000000000000e+01
1.113479999999999990e+02 4.367801513671875000e+02 2.200000000000000000e+01
1.116851999999999947e+02 4.378880920410156250e+02 4.100000000000000000e+01
1.126967999999999961e+02 4.362000732421875000e+02 2.400000000000000000e+01
1.130340000000000060e+02 4.369571838378906250e+02 3.200000000000000000e+01
1.130340000000000060e+02 4.361318664550781250e+02 3.100000000000000000e+01
1.130340000000000060e+02 4.371108398437500000e+02 2.700000000000000000e+01
1.140438000000000045e+02 4.370318908691406250e+02 3.600000000000000000e+01
1.164017999999999944e+02 4.362350158691406250e+02 2.400000000000000000e+01
1.164017999999999944e+02 4.365598449707031250e+02 2.200000000000000000e+01
1.167390000000000043e+02 4.376988220214843750e+02 2.800000000000000000e+01
1.174121999999999986e+02 4.379962463378906250e+02 2.100000000000000000e+01
1.177488000000000028e+02 4.380924682617187500e+02 2.900000000000000000e+01
1.184231999999999942e+02 4.365164794921875000e+02 2.700000000000000000e+01
1.184231999999999942e+02 4.370265502929687500e+02 2.400000000000000000e+01
1.184231999999999942e+02 4.362819519042968750e+02 2.400000000000000000e+01
1.187592000000000070e+02 4.374169006347656250e+02 2.800000000000000000e+01
1.187592000000000070e+02 4.370803833007812500e+02 2.500000000000000000e+01
1.187592000000000070e+02 4.369459838867187500e+02 2.300000000000000000e+01
1.194330000000000069e+02 4.380106201171875000e+02 2.500000000000000000e+01
1.194330000000000069e+02 4.361265869140625000e+02 2.400000000000000000e+01
1.201068000000000069e+02 4.371883544921875000e+02 2.900000000000000000e+01
1.201068000000000069e+02 4.371007690429687500e+02 2.700000000000000000e+01
1.204428000000000054e+02 4.374928588867187500e+02 2.300000000000000000e+01
1.207800000000000011e+02 4.369776916503906250e+02 2.200000000000000000e+01
1.211171999999999969e+02 4.370935668945312500e+02 3.700000000000000000e+01
1.211171999999999969e+02 4.380629577636718750e+02 3.200000000000000000e+01
1.214538000000000011e+02 4.370732116699218750e+02 2.200000000000000000e+01
1.217897999999999996e+02 4.380916442871093750e+02 2.800000000000000000e+01
1.217897999999999996e+02 4.364596252441406250e+02 2.100000000000000000e+01
1.221269999999999953e+02 4.371170349121093750e+02 3.600000000000000000e+01
1.224659999999999940e+02 4.380217590332031250e+02 3.300000000000000000e+01
1.224659999999999940e+02 4.371014404296875000e+02 3.000000000000000000e+01
1.231392000000000024e+02 4.371062622070312500e+02 5.900000000000000000e+01
1.231392000000000024e+02 4.380163879394531250e+02 2.200000000000000000e+01
1.234758000000000067e+02 4.370975646972656250e+02 3.800000000000000000e+01
1.234758000000000067e+02 4.372215270996093750e+02 2.200000000000000000e+01
1.234758000000000067e+02 4.374863586425781250e+02 2.100000000000000000e+01
1.238130000000000024e+02 4.370975036621093750e+02 8.600000000000000000e+01
1.238130000000000024e+02 4.373893737792968750e+02 2.300000000000000000e+01
1.241508000000000038e+02 4.371006164550781250e+02 6.300000000000000000e+01
1.241508000000000038e+02 4.367742919921875000e+02 2.100000000000000000e+01
1.244879999999999995e+02 4.371038208007812500e+02 7.200000000000000000e+01
1.248251999999999953e+02 4.371123352050781250e+02 7.300000000000000000e+01
1.251611999999999938e+02 4.370935668945312500e+02 6.200000000000000000e+01
1.251611999999999938e+02 4.380975036621093750e+02 2.900000000000000000e+01
1.251611999999999938e+02 4.361309814453125000e+02 2.100000000000000000e+01
1.254977999999999980e+02 4.370921936035156250e+02 6.600000000000000000e+01
1.258349999999999937e+02 4.370874328613281250e+02 6.000000000000000000e+01
1.258349999999999937e+02 4.375130615234375000e+02 3.100000000000000000e+01
1.261722000000000037e+02 4.370944519042968750e+02 6.800000000000000000e+01
1.261722000000000037e+02 4.361586303710937500e+02 2.600000000000000000e+01
1.265087999999999937e+02 4.371022644042968750e+02 1.180000000000000000e+02
1.265087999999999937e+02 4.380976257324218750e+02 3.300000000000000000e+01
1.268448000000000064e+02 4.370949096679687500e+02 7.700000000000000000e+01
1.268448000000000064e+02 4.365495605468750000e+02 2.500000000000000000e+01
1.271820000000000022e+02 4.370892333984375000e+02 8.000000000000000000e+01
1.271820000000000022e+02 4.378621520996093750e+02 2.200000000000000000e+01
1.271820000000000022e+02 4.380909118652343750e+02 2.200000000000000000e+01
1.275191999999999979e+02 4.370909118652343750e+02 7.000000000000000000e+01
1.275191999999999979e+02 4.381080627441406250e+02 4.700000000000000000e+01
