1.019117999999999995e+02 4.550564575195312500e+02 3.200000000000000000e+01
1.019117999999999995e+02 4.541190490722656250e+02 2.500000000000000000e+01
1.022507999999999981e+02 4.550103759765625000e+02 2.600000000000000000e+01
1.025879999999999939e+02 4.541246032714843750e+02 2.700000000000000000e+01
1.025879999999999939e+02 4.550595703125000000e+02 2.500000000000000000e+01
1.032612000000000023e+02 4.556914978027343750e+02 2.100000000000000000e+01
1.042721999999999980e+02 4.549779357910156250e+02 2.800000000000000000e+01
1.042721999999999980e+02 4.542205505371093750e+02 2.400000000000000000e+01
1.062930000000000064e+02 4.549140625000000000e+02 2.300000000000000000e+01
1.066302000000000021e+02 4.557060852050781250e+02 2.700000000000000000e+01
1.066302000000000021e+02 4.538930358886718750e+02 2.500000000000000000e+01
1.066302000000000021e+02 4.550928344726562500e+02 2.100000000000000000e+01
1.069692000000000007e+02 4.539107055664062500e+02 2.100000000000000000e+01
1.073058000000000050e+02 4.541297912597656250e+02 3.700000000000000000e+01
1.076430000000000007e+02 4.542289733886718750e+02 4.200000000000000000e+01
1.093272000000000048e+02 4.550809020996093750e+02 2.800000000000000000e+01
1.100010000000000048e+02 4.549484558105468750e+02 3.700000000000000000e+01
1.103382000000000005e+02 4.542491149902343750e+02 2.100000000000000000e+01
1.106748000000000047e+02 4.556889038085937500e+02 2.700000000000000000e+01
1.113479999999999990e+02 4.552475280761718750e+02 2.600000000000000000e+01
1.116851999999999947e+02 4.540378417968750000e+02 2.300000000000000000e+01
1.116851999999999947e+02 4.538845520019531250e+02 2.200000000000000000e+01
1.123602000000000061e+02 4.539725341796875000e+02 3.000000000000000000e+01
1.130340000000000060e+02 4.540740051269531250e+02 2.100000000000000000e+01
1.133712000000000018e+02 4.552929382324218750e+02 2.400000000000000000e+01
1.137072000000000003e+02 4.540048522949218750e+02 2.600000000000000000e+01
1.147181999999999960e+02 4.549884338378906250e+02 3.400000000000000000e+01
1.147181999999999960e+02 4.554842834472656250e+02 2.200000000000000000e+01
1.153907999999999987e+02 4.556829223632812500e+02 2.800000000000000000e+01
1.153907999999999987e+02 4.552819213867187500e+02 2.500000000000000000e+01
1.157279999999999944e+02 4.552409057617187500e+02 2.900000000000000000e+01
1.160652000000000044e+02 4.552443542480468750e+02 2.200000000000000000e+01
1.167390000000000043e+02 4.547319030761718750e+02 2.100000000000000000e+01
1.167390000000000043e+02 4.549443664550781250e+02 2.100000000000000000e+01
1.170750000000000028e+02 4.551374206542968750e+02 2.900000000000000000e+01
1.177488000000000028e+02 4.539599914550781250e+02 2.400000000000000000e+01
1.180859999999999985e+02 4.540581970214843750e+02 3.100000000000000000e+01
1.184231999999999942e+02 4.540543212890625000e+02 2.300000000000000000e+01
1.187592000000000070e+02 4.541377868652343750e+02 2.500000000000000000e+01
1.194330000000000069e+02 4.540953979492187500e+02 2.300000000000000000e+01
1.194330000000000069e+02 4.539845581054687500e+02 2.200000000000000000e+01
1.204428000000000054e+02 4.540732116699218750e+02 2.200000000000000000e+01
1.214538000000000011e+02 4.541034851074218750e+02 2.400000000000000000e+01
1.221269999999999953e+02 4.552224731445312500e+02 2.100000000000000000e+01
1.224659999999999940e+02 4.544179382324218750e+02 2.800000000000000000e+01
1.228020000000000067e+02 4.554138488769531250e+02 2.200000000000000000e+01
1.238130000000000024e+02 4.544362182617187500e+02 2.800000000000000000e+01
1.248251999999999953e+02 4.550888061523437500e+02 3.500000000000000000e+01
1.251611999999999938e+02 4.538511047363281250e+02 2.300000000000000000e+01
1.275191999999999979e+02 4.541623840332031250e+02 2.300000000000000000e+01
1.275191999999999979e+02 4.540469055175781250e+02 2.100000000000000000e+01
1.281930000000000121e+02 4.541128540039062500e+02 2.300000000000000000e+01
1.288661999999999921e+02 4.549425659179687500e+02 3.400000000000000000e+01
1.298771999999999878e+02 4.543061218261718750e+02 2.100000000000000000e+01
1.302132000000000005e+02 4.552554626464843750e+02 2.500000000000000000e+01
1.305498000000000047e+02 4.542807006835937500e+02 2.800000000000000000e+01
1.305498000000000047e+02 4.548825988769531250e+02 2.400000000000000000e+01
1.308870000000000005e+02 4.550288696289062500e+02 3.200000000000000000e+01
1.308870000000000005e+02 4.540325622558593750e+02 2.600000000000000000e+01
1.308870000000000005e+02 4.544456787109375000e+02 2.100000000000000000e+01
