1.152665999999999940e+03 2.329261627197265625e+02 4.100000000000000000e+01
1.152665999999999940e+03 2.330544281005859375e+02 1.600000000000000000e+01
1.153001999999999953e+03 2.334575805664062500e+02 1.500000000000000000e+01
1.153001999999999953e+03 2.339177703857421875e+02 1.200000000000000000e+01
1.153001999999999953e+03 2.349068908691406250e+02 1.200000000000000000e+01
1.153001999999999953e+03 2.341464843750000000e+02 1.100000000000000000e+01
1.153337999999999965e+03 2.339870605468750000e+02 2.300000000000000000e+01
1.153337999999999965e+03 2.334790344238281250e+02 1.700000000000000000e+01
1.153680000000000064e+03 2.340685577392578125e+02 2.200000000000000000e+01
1.153680000000000064e+03 2.338983001708984375e+02 2.100000000000000000e+01
1.153680000000000064e+03 2.330271301269531250e+02 1.900000000000000000e+01
1.153680000000000064e+03 2.344968261718750000e+02 1.500000000000000000e+01
1.154016000000000076e+03 2.329298248291015625e+02 3.400000000000000000e+01
1.154016000000000076e+03 2.339347534179687500e+02 2.500000000000000000e+01
1.154016000000000076e+03 2.330916442871093750e+02 1.500000000000000000e+01
1.154352000000000089e+03 2.340129852294921875e+02 2.500000000000000000e+01
1.154688000000000102e+03 2.329358367919921875e+02 3.100000000000000000e+01
1.154688000000000102e+03 2.330622711181640625e+02 1.900000000000000000e+01
1.154688000000000102e+03 2.339849853515625000e+02 1.100000000000000000e+01
1.155023999999999887e+03 2.329379425048828125e+02 2.300000000000000000e+01
1.155023999999999887e+03 2.330491790771484375e+02 1.300000000000000000e+01
1.155359999999999900e+03 2.330094757080078125e+02 2.600000000000000000e+01
1.155359999999999900e+03 2.329129791259765625e+02 2.100000000000000000e+01
1.155359999999999900e+03 2.349092254638671875e+02 2.000000000000000000e+01
1.155359999999999900e+03 2.331389617919921875e+02 1.300000000000000000e+01
1.155359999999999900e+03 2.339368286132812500e+02 1.200000000000000000e+01
1.155695999999999913e+03 2.339299774169921875e+02 3.600000000000000000e+01
1.155695999999999913e+03 2.329609527587890625e+02 2.000000000000000000e+01
1.155695999999999913e+03 2.341302032470703125e+02 1.700000000000000000e+01
1.155695999999999913e+03 2.331349945068359375e+02 1.300000000000000000e+01
1.156038000000000011e+03 2.330688323974609375e+02 2.600000000000000000e+01
1.156038000000000011e+03 2.348878326416015625e+02 1.800000000000000000e+01
1.156038000000000011e+03 2.339427947998046875e+02 1.800000000000000000e+01
1.156374000000000024e+03 2.348824310302734375e+02 1.600000000000000000e+01
1.156374000000000024e+03 2.329407653808593750e+02 1.500000000000000000e+01
1.156710000000000036e+03 2.339736175537109375e+02 1.700000000000000000e+01
1.156710000000000036e+03 2.341049804687500000e+02 1.500000000000000000e+01
1.156710000000000036e+03 2.330587921142578125e+02 1.400000000000000000e+01
1.156710000000000036e+03 2.334460449218750000e+02 1.300000000000000000e+01
1.157046000000000049e+03 2.329292602539062500e+02 2.800000000000000000e+01
1.157046000000000049e+03 2.349039001464843750e+02 2.600000000000000000e+01
1.157046000000000049e+03 2.331007080078125000e+02 1.900000000000000000e+01
1.157046000000000049e+03 2.340395050048828125e+02 1.200000000000000000e+01
1.157382000000000062e+03 2.340468444824218750e+02 2.000000000000000000e+01
1.157382000000000062e+03 2.343638000488281250e+02 1.800000000000000000e+01
1.157382000000000062e+03 2.341558380126953125e+02 1.600000000000000000e+01
1.157382000000000062e+03 2.344494018554687500e+02 1.600000000000000000e+01
1.157382000000000062e+03 2.331585998535156250e+02 1.400000000000000000e+01
1.158054000000000087e+03 2.339800415039062500e+02 3.200000000000000000e+01
1.158054000000000087e+03 2.330270996093750000e+02 1.800000000000000000e+01
1.158054000000000087e+03 2.332198181152343750e+02 1.300000000000000000e+01
1.158395999999999958e+03 2.345235595703125000e+02 1.700000000000000000e+01
1.158395999999999958e+03 2.338954315185546875e+02 1.200000000000000000e+01
1.158731999999999971e+03 2.334507904052734375e+02 1.400000000000000000e+01
1.158731999999999971e+03 2.340214843750000000e+02 1.400000000000000000e+01
1.158731999999999971e+03 2.341534729003906250e+02 1.400000000000000000e+01
1.158731999999999971e+03 2.348741607666015625e+02 1.200000000000000000e+01
1.159067999999999984e+03 2.329848632812500000e+02 3.400000000000000000e+01
1.159067999999999984e+03 2.340318145751953125e+02 3.300000000000000000e+01
1.159067999999999984e+03 2.331228637695312500e+02 2.000000000000000000e+01
1.159067999999999984e+03 2.349090728759765625e+02 1.900000000000000000e+01
1.159067999999999984e+03 2.337763519287109375e+02 1.400000000000000000e+01
1.159067999999999984e+03 2.333865356445312500e+02 1.400000000000000000e+01
1.159067999999999984e+03 2.344232177734375000e+02 1.200000000000000000e+01
1.159403999999999996e+03 2.340574951171875000e+02 1.300000000000000000e+01
1.159403999999999996e+03 2.329831085205078125e+02 1.100000000000000000e+01
1.159740000000000009e+03 2.331306152343750000e+02 1.700000000000000000e+01
1.160076000000000022e+03 2.329191436767578125e+02 3.000000000000000000e+01
1.160076000000000022e+03 2.339130554199218750e+02 2.900000000000000000e+01
1.160076000000000022e+03 2.330332031250000000e+02 1.300000000000000000e+01
1.160076000000000022e+03 2.344522705078125000e+02 1.300000000000000000e+01
1.160412000000000035e+03 2.338490447998046875e+02 1.100000000000000000e+01
1.160748000000000047e+03 2.330464324951171875e+02 1.700000000000000000e+01
1.160748000000000047e+03 2.335516662597656250e+02 1.600000000000000000e+01
1.160748000000000047e+03 2.344510345458984375e+02 1.500000000000000000e+01
1.161089999999999918e+03 2.338802337646484375e+02 1.500000000000000000e+01
1.161425999999999931e+03 2.334261169433593750e+02 2.000000000000000000e+01
1.161425999999999931e+03 2.344257659912109375e+02 2.000000000000000000e+01
1.161761999999999944e+03 2.329166107177734375e+02 1.700000000000000000e+01
1.161761999999999944e+03 2.339169311523437500e+02 1.700000000000000000e+01
1.161761999999999944e+03 2.349003753662109375e+02 1.400000000000000000e+01
1.161761999999999944e+03 2.331543731689453125e+02 1.200000000000000000e+01
1.161761999999999944e+03 2.340681152343750000e+02 1.100000000000000000e+01
1.162097999999999956e+03 2.330136871337890625e+02 3.100000000000000000e+01
1.162097999999999956e+03 2.340251617431640625e+02 1.800000000000000000e+01
1.162097999999999956e+03 2.329371795654296875e+02 1.300000000000000000e+01
1.162097999999999956e+03 2.341438903808593750e+02 1.200000000000000000e+01
1.162097999999999956e+03 2.339203948974609375e+02 1.100000000000000000e+01
1.162097999999999956e+03 2.331539154052734375e+02 1.100000000000000000e+01
1.162433999999999969e+03 2.329215850830078125e+02 1.900000000000000000e+01
1.162433999999999969e+03 2.331164703369140625e+02 1.200000000000000000e+01
1.162769999999999982e+03 2.339362640380859375e+02 1.200000000000000000e+01
1.163105999999999995e+03 2.345018157958984375e+02 2.000000000000000000e+01
1.163105999999999995e+03 2.329203186035156250e+02 1.300000000000000000e+01
1.163105999999999995e+03 2.341139068603515625e+02 1.100000000000000000e+01
1.163448000000000093e+03 2.330863342285156250e+02 3.000000000000000000e+01
1.163448000000000093e+03 2.344622344970703125e+02 2.100000000000000000e+01
1.163448000000000093e+03 2.340236053466796875e+02 1.600000000000000000e+01
1.163448000000000093e+03 2.334479217529296875e+02 1.300000000000000000e+01
1.163784000000000106e+03 2.339548645019531250e+02 4.800000000000000000e+01
1.164119999999999891e+03 2.348825988769531250e+02 2.300000000000000000e+01
1.164119999999999891e+03 2.341216278076171875e+02 2.100000000000000000e+01
1.164119999999999891e+03 2.329662170410156250e+02 2.100000000000000000e+01
1.164119999999999891e+03 2.340369567871093750e+02 1.400000000000000000e+01
1.164119999999999891e+03 2.330901336669921875e+02 1.200000000000000000e+01
1.164791999999999916e+03 2.344539642333984375e+02 1.700000000000000000e+01
1.164791999999999916e+03 2.340088653564453125e+02 1.600000000000000000e+01
1.164791999999999916e+03 2.339293212890625000e+02 1.300000000000000000e+01
1.165134000000000015e+03 2.340077362060546875e+02 1.700000000000000000e+01
1.165470000000000027e+03 2.334478912353515625e+02 2.500000000000000000e+01
1.165470000000000027e+03 2.329290161132812500e+02 2.100000000000000000e+01
1.165470000000000027e+03 2.330452270507812500e+02 1.600000000000000000e+01
1.165470000000000027e+03 2.331415405273437500e+02 1.600000000000000000e+01
1.165806000000000040e+03 2.344247741699218750e+02 3.000000000000000000e+01
1.165806000000000040e+03 2.339317169189453125e+02 2.500000000000000000e+01
1.165806000000000040e+03 2.340485076904296875e+02 1.600000000000000000e+01
1.166142000000000053e+03 2.340515136718750000e+02 1.700000000000000000e+01
1.166478000000000065e+03 2.339388122558593750e+02 1.900000000000000000e+01
1.166478000000000065e+03 2.329505004882812500e+02 1.300000000000000000e+01
1.167150000000000091e+03 2.334261169433593750e+02 1.800000000000000000e+01
1.167150000000000091e+03 2.331543579101562500e+02 1.300000000000000000e+01
1.167150000000000091e+03 2.349048461914062500e+02 1.100000000000000000e+01
1.167486000000000104e+03 2.349066162109375000e+02 1.700000000000000000e+01
1.167486000000000104e+03 2.329157409667968750e+02 1.100000000000000000e+01
1.167486000000000104e+03 2.339127197265625000e+02 1.100000000000000000e+01
1.167827999999999975e+03 2.330716705322265625e+02 2.000000000000000000e+01
1.168163999999999987e+03 2.340894470214843750e+02 2.400000000000000000e+01
1.168163999999999987e+03 2.330141601562500000e+02 2.000000000000000000e+01
1.168500000000000000e+03 2.329348754882812500e+02 2.500000000000000000e+01
1.168500000000000000e+03 2.339232940673828125e+02 1.900000000000000000e+01
1.168500000000000000e+03 2.345918731689453125e+02 1.400000000000000000e+01
1.168836000000000013e+03 2.329457702636718750e+02 2.500000000000000000e+01
1.168836000000000013e+03 2.339946136474609375e+02 1.500000000000000000e+01
1.168836000000000013e+03 2.333768005371093750e+02 1.400000000000000000e+01
1.169172000000000025e+03 2.329307250976562500e+02 2.300000000000000000e+01
1.169172000000000025e+03 2.348518218994140625e+02 1.600000000000000000e+01
1.169172000000000025e+03 2.330893402099609375e+02 1.600000000000000000e+01
1.169172000000000025e+03 2.340645599365234375e+02 1.200000000000000000e+01
1.169508000000000038e+03 2.340412902832031250e+02 1.400000000000000000e+01
1.169849999999999909e+03 2.334282836914062500e+02 1.700000000000000000e+01
1.169849999999999909e+03 2.339252624511718750e+02 1.200000000000000000e+01
1.169849999999999909e+03 2.340412902832031250e+02 1.200000000000000000e+01
1.169849999999999909e+03 2.331927490234375000e+02 1.100000000000000000e+01
1.170185999999999922e+03 2.330417175292968750e+02 3.100000000000000000e+01
1.170521999999999935e+03 2.339218902587890625e+02 1.900000000000000000e+01
1.170521999999999935e+03 2.330420684814453125e+02 1.200000000000000000e+01
1.170857999999999947e+03 2.329178466796875000e+02 3.000000000000000000e+01
1.171193999999999960e+03 2.329979248046875000e+02 2.100000000000000000e+01
1.171193999999999960e+03 2.344438934326171875e+02 2.000000000000000000e+01
1.171193999999999960e+03 2.331442108154296875e+02 1.500000000000000000e+01
1.171193999999999960e+03 2.339009857177734375e+02 1.300000000000000000e+01
1.171529999999999973e+03 2.329136962890625000e+02 3.000000000000000000e+01
1.171529999999999973e+03 2.331006317138671875e+02 2.700000000000000000e+01
1.171529999999999973e+03 2.341399841308593750e+02 1.300000000000000000e+01
1.171865999999999985e+03 2.340458374023437500e+02 1.100000000000000000e+01
1.172208000000000084e+03 2.344727172851562500e+02 2.000000000000000000e+01
1.172208000000000084e+03 2.340814361572265625e+02 1.300000000000000000e+01
1.172544000000000096e+03 2.343882751464843750e+02 1.100000000000000000e+01
1.173215999999999894e+03 2.340402984619140625e+02 2.800000000000000000e+01
1.173215999999999894e+03 2.339417114257812500e+02 2.000000000000000000e+01
1.173215999999999894e+03 2.330788421630859375e+02 1.100000000000000000e+01
1.173557999999999993e+03 2.340223388671875000e+02 2.600000000000000000e+01
1.173557999999999993e+03 2.339191894531250000e+02 2.500000000000000000e+01
1.173557999999999993e+03 2.329232482910156250e+02 2.100000000000000000e+01
1.173894000000000005e+03 2.348926086425781250e+02 1.800000000000000000e+01
1.173894000000000005e+03 2.343780822753906250e+02 1.400000000000000000e+01
1.173894000000000005e+03 2.341726074218750000e+02 1.100000000000000000e+01
1.174230000000000018e+03 2.339678802490234375e+02 2.100000000000000000e+01
1.174230000000000018e+03 2.349116668701171875e+02 2.000000000000000000e+01
1.174230000000000018e+03 2.331785125732421875e+02 1.500000000000000000e+01
1.174230000000000018e+03 2.334946746826171875e+02 1.300000000000000000e+01
1.174566000000000031e+03 2.344405212402343750e+02 1.700000000000000000e+01
1.174566000000000031e+03 2.334951019287109375e+02 1.300000000000000000e+01
1.174902000000000044e+03 2.339499664306640625e+02 2.100000000000000000e+01
1.174902000000000044e+03 2.329210357666015625e+02 2.000000000000000000e+01
1.174902000000000044e+03 2.349058990478515625e+02 1.500000000000000000e+01
1.175238000000000056e+03 2.341450347900390625e+02 1.300000000000000000e+01
1.175238000000000056e+03 2.348994903564453125e+02 1.100000000000000000e+01
1.175574000000000069e+03 2.329333343505859375e+02 1.800000000000000000e+01
1.175910000000000082e+03 2.339618682861328125e+02 1.600000000000000000e+01
1.175910000000000082e+03 2.335083465576171875e+02 1.300000000000000000e+01
1.176251999999999953e+03 2.339855346679687500e+02 1.600000000000000000e+01
1.176251999999999953e+03 2.329348449707031250e+02 1.500000000000000000e+01
1.176251999999999953e+03 2.342316131591796875e+02 1.200000000000000000e+01
1.176587999999999965e+03 2.329190979003906250e+02 1.700000000000000000e+01
1.176587999999999965e+03 2.343831024169921875e+02 1.700000000000000000e+01
1.176587999999999965e+03 2.339501495361328125e+02 1.600000000000000000e+01
1.176587999999999965e+03 2.334315338134765625e+02 1.400000000000000000e+01
1.176923999999999978e+03 2.334362182617187500e+02 2.400000000000000000e+01
1.176923999999999978e+03 2.339502868652343750e+02 2.400000000000000000e+01
1.176923999999999978e+03 2.329842071533203125e+02 2.300000000000000000e+01
1.176923999999999978e+03 2.331469879150390625e+02 1.500000000000000000e+01
1.177259999999999991e+03 2.334199066162109375e+02 2.300000000000000000e+01
1.177596000000000004e+03 2.329436798095703125e+02 2.200000000000000000e+01
1.177596000000000004e+03 2.340384674072265625e+02 1.400000000000000000e+01
1.177596000000000004e+03 2.339389495849609375e+02 1.100000000000000000e+01
1.177932000000000016e+03 2.329141235351562500e+02 5.500000000000000000e+01
1.177932000000000016e+03 2.344888610839843750e+02 2.100000000000000000e+01
1.177932000000000016e+03 2.349096221923828125e+02 1.300000000000000000e+01
1.177932000000000016e+03 2.340349578857421875e+02 1.200000000000000000e+01
1.178268000000000029e+03 2.329194641113281250e+02 2.300000000000000000e+01
1.178268000000000029e+03 2.341143951416015625e+02 1.500000000000000000e+01
1.178268000000000029e+03 2.344638977050781250e+02 1.400000000000000000e+01
1.178604000000000042e+03 2.329303741455078125e+02 1.600000000000000000e+01
1.178945999999999913e+03 2.334046020507812500e+02 1.900000000000000000e+01
1.179281999999999925e+03 2.334167785644531250e+02 2.400000000000000000e+01
1.179281999999999925e+03 2.329195709228515625e+02 1.500000000000000000e+01
1.179617999999999938e+03 2.339262390136718750e+02 1.400000000000000000e+01
1.179617999999999938e+03 2.330762786865234375e+02 1.100000000000000000e+01
1.179953999999999951e+03 2.344740295410156250e+02 2.100000000000000000e+01
1.179953999999999951e+03 2.348975524902343750e+02 1.900000000000000000e+01
1.179953999999999951e+03 2.340634307861328125e+02 1.200000000000000000e+01
1.179953999999999951e+03 2.329289703369140625e+02 1.200000000000000000e+01
1.180289999999999964e+03 2.334196777343750000e+02 1.800000000000000000e+01
1.180289999999999964e+03 2.349060821533203125e+02 1.100000000000000000e+01
1.180625999999999976e+03 2.329965515136718750e+02 1.900000000000000000e+01
1.180625999999999976e+03 2.331244659423828125e+02 1.800000000000000000e+01
1.180625999999999976e+03 2.340393829345703125e+02 1.300000000000000000e+01
1.180961999999999989e+03 2.349122467041015625e+02 1.200000000000000000e+01
1.180961999999999989e+03 2.338937072753906250e+02 1.100000000000000000e+01
1.181304000000000087e+03 2.329255065917968750e+02 2.800000000000000000e+01
1.181304000000000087e+03 2.331969146728515625e+02 1.100000000000000000e+01
1.181640000000000100e+03 2.331545257568359375e+02 1.900000000000000000e+01
1.181640000000000100e+03 2.348312988281250000e+02 1.300000000000000000e+01
1.181976000000000113e+03 2.339124603271484375e+02 1.200000000000000000e+01
