1.182983999999999924e+03 4.363954772949218750e+02 1.700000000000000000e+01
1.182983999999999924e+03 4.368773498535156250e+02 1.300000000000000000e+01
1.182983999999999924e+03 4.371612854003906250e+02 1.100000000000000000e+01
1.183319999999999936e+03 4.378270263671875000e+02 2.000000000000000000e+01
1.183662000000000035e+03 4.379504394531250000e+02 1.200000000000000000e+01
1.183662000000000035e+03 4.373577575683593750e+02 1.100000000000000000e+01
1.183998000000000047e+03 4.379159851074218750e+02 1.100000000000000000e+01
1.184670000000000073e+03 4.368424072265625000e+02 1.300000000000000000e+01
1.184670000000000073e+03 4.364201049804687500e+02 1.200000000000000000e+01
1.185006000000000085e+03 4.369590454101562500e+02 1.600000000000000000e+01
1.185006000000000085e+03 4.381885986328125000e+02 1.500000000000000000e+01
1.185342000000000098e+03 4.373870544433593750e+02 1.800000000000000000e+01
1.185683999999999969e+03 4.373802490234375000e+02 2.100000000000000000e+01
1.186019999999999982e+03 4.366623840332031250e+02 1.600000000000000000e+01
1.186019999999999982e+03 4.378652038574218750e+02 1.400000000000000000e+01
1.186355999999999995e+03 4.365303649902343750e+02 2.400000000000000000e+01
1.186355999999999995e+03 4.374350280761718750e+02 1.800000000000000000e+01
1.186355999999999995e+03 4.369973449707031250e+02 1.300000000000000000e+01
1.186355999999999995e+03 4.364075012207031250e+02 1.200000000000000000e+01
1.186692000000000007e+03 4.373909606933593750e+02 1.900000000000000000e+01
1.186692000000000007e+03 4.372818908691406250e+02 1.600000000000000000e+01
1.186692000000000007e+03 4.378259277343750000e+02 1.600000000000000000e+01
1.187028000000000020e+03 4.379011535644531250e+02 1.200000000000000000e+01
1.187364000000000033e+03 4.363080749511718750e+02 1.900000000000000000e+01
1.187364000000000033e+03 4.379771423339843750e+02 1.200000000000000000e+01
1.188041999999999916e+03 4.378003845214843750e+02 2.300000000000000000e+01
1.188041999999999916e+03 4.368983154296875000e+02 1.100000000000000000e+01
1.188377999999999929e+03 4.373275451660156250e+02 2.200000000000000000e+01
1.188377999999999929e+03 4.378876647949218750e+02 2.000000000000000000e+01
1.189392000000000053e+03 4.367989196777343750e+02 1.400000000000000000e+01
1.189728000000000065e+03 4.370367431640625000e+02 1.300000000000000000e+01
1.190064000000000078e+03 4.367980346679687500e+02 2.100000000000000000e+01
1.190064000000000078e+03 4.368904418945312500e+02 1.900000000000000000e+01
1.190400000000000091e+03 4.369063110351562500e+02 1.800000000000000000e+01
1.190400000000000091e+03 4.379515380859375000e+02 1.300000000000000000e+01
1.190736000000000104e+03 4.368750610351562500e+02 1.500000000000000000e+01
1.190736000000000104e+03 4.382210998535156250e+02 1.300000000000000000e+01
1.191071999999999889e+03 4.369241027832031250e+02 2.900000000000000000e+01
1.191407999999999902e+03 4.368808288574218750e+02 1.800000000000000000e+01
1.191750000000000000e+03 4.368271789550781250e+02 1.900000000000000000e+01
1.191750000000000000e+03 4.381202087402343750e+02 1.200000000000000000e+01
1.192422000000000025e+03 4.368374328613281250e+02 2.200000000000000000e+01
1.193094000000000051e+03 4.367967529296875000e+02 1.100000000000000000e+01
1.193430000000000064e+03 4.363089599609375000e+02 2.700000000000000000e+01
1.193430000000000064e+03 4.368613586425781250e+02 2.300000000000000000e+01
1.193766000000000076e+03 4.365008850097656250e+02 1.400000000000000000e+01
1.194107999999999947e+03 4.369116210937500000e+02 1.400000000000000000e+01
1.194443999999999960e+03 4.374389343261718750e+02 2.400000000000000000e+01
1.194443999999999960e+03 4.373107299804687500e+02 1.900000000000000000e+01
1.194443999999999960e+03 4.370357666015625000e+02 1.800000000000000000e+01
1.194443999999999960e+03 4.368572692871093750e+02 1.100000000000000000e+01
1.194779999999999973e+03 4.371805114746093750e+02 2.000000000000000000e+01
1.195115999999999985e+03 4.368430480957031250e+02 1.600000000000000000e+01
1.195115999999999985e+03 4.370025329589843750e+02 1.100000000000000000e+01
1.195451999999999998e+03 4.371531066894531250e+02 2.400000000000000000e+01
1.196124000000000024e+03 4.368731994628906250e+02 2.200000000000000000e+01
1.196465999999999894e+03 4.368689880371093750e+02 2.100000000000000000e+01
1.196801999999999907e+03 4.378029174804687500e+02 1.300000000000000000e+01
1.196801999999999907e+03 4.368734130859375000e+02 1.100000000000000000e+01
1.197137999999999920e+03 4.378966064453125000e+02 1.300000000000000000e+01
1.197473999999999933e+03 4.374426269531250000e+02 1.300000000000000000e+01
1.197809999999999945e+03 4.372723999023437500e+02 1.100000000000000000e+01
1.198145999999999958e+03 4.368587646484375000e+02 2.800000000000000000e+01
1.198145999999999958e+03 4.374571838378906250e+02 1.300000000000000000e+01
1.198481999999999971e+03 4.374441528320312500e+02 1.800000000000000000e+01
1.198481999999999971e+03 4.368726196289062500e+02 1.800000000000000000e+01
1.198817999999999984e+03 4.367781372070312500e+02 1.300000000000000000e+01
1.200167999999999893e+03 4.368296203613281250e+02 1.600000000000000000e+01
1.200503999999999905e+03 4.368908691406250000e+02 2.500000000000000000e+01
1.200503999999999905e+03 4.363881835937500000e+02 1.900000000000000000e+01
1.200503999999999905e+03 4.379165649414062500e+02 1.300000000000000000e+01
1.200839999999999918e+03 4.378890686035156250e+02 2.100000000000000000e+01
1.200839999999999918e+03 4.368162841796875000e+02 1.300000000000000000e+01
1.200839999999999918e+03 4.373893127441406250e+02 1.100000000000000000e+01
1.201182000000000016e+03 4.368463745117187500e+02 1.200000000000000000e+01
1.201518000000000029e+03 4.368284606933593750e+02 1.500000000000000000e+01
1.201518000000000029e+03 4.379066467285156250e+02 1.100000000000000000e+01
