1.086539999999999964e+02 6.874661254882812500e+02 2.100000000000000000e+01
1.106748000000000047e+02 6.869521484375000000e+02 2.100000000000000000e+01
1.123602000000000061e+02 6.872191162109375000e+02 2.400000000000000000e+01
1.147181999999999960e+02 6.874110107421875000e+02 2.800000000000000000e+01
1.157279999999999944e+02 6.873192749023437500e+02 2.300000000000000000e+01
1.160652000000000044e+02 6.873497924804687500e+02 2.100000000000000000e+01
1.164017999999999944e+02 6.878715209960937500e+02 2.100000000000000000e+01
1.170750000000000028e+02 6.878703002929687500e+02 2.200000000000000000e+01
1.180859999999999985e+02 6.870846557617187500e+02 2.400000000000000000e+01
1.194330000000000069e+02 6.868297119140625000e+02 2.400000000000000000e+01
1.204428000000000054e+02 6.871299438476562500e+02 2.100000000000000000e+01
1.207800000000000011e+02 6.881757202148437500e+02 3.300000000000000000e+01
1.217897999999999996e+02 6.878048706054687500e+02 2.700000000000000000e+01
1.221269999999999953e+02 6.879227294921875000e+02 2.200000000000000000e+01
1.278558000000000021e+02 6.881411132812500000e+02 2.500000000000000000e+01
1.295399999999999920e+02 6.868759155273437500e+02 2.100000000000000000e+01
1.308870000000000005e+02 6.884412231445312500e+02 2.300000000000000000e+01
1.315608000000000004e+02 6.880557861328125000e+02 2.800000000000000000e+01
