1.062930000000000064e+02 4.530136413574218750e+02 3.000000000000000000e+01
1.066302000000000021e+02 4.529861145019531250e+02 2.300000000000000000e+01
1.073058000000000050e+02 4.530074157714843750e+02 2.600000000000000000e+01
1.089912000000000063e+02 4.521398010253906250e+02 2.200000000000000000e+01
1.093272000000000048e+02 4.520176391601562500e+02 2.400000000000000000e+01
1.100010000000000048e+02 4.520177307128906250e+02 2.800000000000000000e+01
1.106748000000000047e+02 4.530026855468750000e+02 2.800000000000000000e+01
1.110108000000000033e+02 4.527536621093750000e+02 2.700000000000000000e+01
1.110108000000000033e+02 4.515624694824218750e+02 2.200000000000000000e+01
1.110108000000000033e+02 4.525577087402343750e+02 2.100000000000000000e+01
1.116851999999999947e+02 4.530109863281250000e+02 3.500000000000000000e+01
1.116851999999999947e+02 4.520523071289062500e+02 2.200000000000000000e+01
1.120217999999999989e+02 4.530401611328125000e+02 2.900000000000000000e+01
1.123602000000000061e+02 4.520822143554687500e+02 2.500000000000000000e+01
1.126967999999999961e+02 4.510969238281250000e+02 2.600000000000000000e+01
1.126967999999999961e+02 4.529943542480468750e+02 2.200000000000000000e+01
1.137072000000000003e+02 4.526806945800781250e+02 2.200000000000000000e+01
1.140438000000000045e+02 4.513664245605468750e+02 2.200000000000000000e+01
1.143810000000000002e+02 4.530187072753906250e+02 2.600000000000000000e+01
1.150548000000000002e+02 4.512881774902343750e+02 2.200000000000000000e+01
1.153907999999999987e+02 4.519494934082031250e+02 2.200000000000000000e+01
1.157279999999999944e+02 4.529912719726562500e+02 2.500000000000000000e+01
1.157279999999999944e+02 4.511370544433593750e+02 2.300000000000000000e+01
1.167390000000000043e+02 4.530213928222656250e+02 2.600000000000000000e+01
1.170750000000000028e+02 4.521262207031250000e+02 3.200000000000000000e+01
1.170750000000000028e+02 4.528813171386718750e+02 2.500000000000000000e+01
1.174121999999999986e+02 4.530292358398437500e+02 2.500000000000000000e+01
1.177488000000000028e+02 4.511162414550781250e+02 3.300000000000000000e+01
1.177488000000000028e+02 4.521019897460937500e+02 2.600000000000000000e+01
1.184231999999999942e+02 4.511229248046875000e+02 2.800000000000000000e+01
1.184231999999999942e+02 4.521499328613281250e+02 2.600000000000000000e+01
1.184231999999999942e+02 4.528389282226562500e+02 2.100000000000000000e+01
1.187592000000000070e+02 4.520594482421875000e+02 2.600000000000000000e+01
1.187592000000000070e+02 4.510706176757812500e+02 2.100000000000000000e+01
1.190957999999999970e+02 4.525285949707031250e+02 2.200000000000000000e+01
1.197702000000000027e+02 4.511213378906250000e+02 4.200000000000000000e+01
1.207800000000000011e+02 4.530220947265625000e+02 3.500000000000000000e+01
1.211171999999999969e+02 4.520527343750000000e+02 2.400000000000000000e+01
1.221269999999999953e+02 4.511319580078125000e+02 3.000000000000000000e+01
1.221269999999999953e+02 4.521459655761718750e+02 2.800000000000000000e+01
1.221269999999999953e+02 4.515115356445312500e+02 2.600000000000000000e+01
1.228020000000000067e+02 4.521789855957031250e+02 2.100000000000000000e+01
1.231392000000000024e+02 4.524881286621093750e+02 2.600000000000000000e+01
1.231392000000000024e+02 4.526036987304687500e+02 2.200000000000000000e+01
1.231392000000000024e+02 4.529272155761718750e+02 2.100000000000000000e+01
1.234758000000000067e+02 4.511097412109375000e+02 2.800000000000000000e+01
1.238130000000000024e+02 4.523764343261718750e+02 2.300000000000000000e+01
1.238130000000000024e+02 4.511850585937500000e+02 2.100000000000000000e+01
1.241508000000000038e+02 4.511183776855468750e+02 2.500000000000000000e+01
1.244879999999999995e+02 4.530444335937500000e+02 2.400000000000000000e+01
1.248251999999999953e+02 4.511107482910156250e+02 3.500000000000000000e+01
1.251611999999999938e+02 4.515650329589843750e+02 2.700000000000000000e+01
1.251611999999999938e+02 4.520792236328125000e+02 2.200000000000000000e+01
1.254977999999999980e+02 4.511059875488281250e+02 2.700000000000000000e+01
1.261722000000000037e+02 4.516704101562500000e+02 3.100000000000000000e+01
1.271820000000000022e+02 4.520197753906250000e+02 2.300000000000000000e+01
1.281930000000000121e+02 4.524566955566406250e+02 2.200000000000000000e+01
1.281930000000000121e+02 4.520776062011718750e+02 2.100000000000000000e+01
1.295399999999999920e+02 4.510872192382812500e+02 2.400000000000000000e+01
1.302132000000000005e+02 4.511148376464843750e+02 2.300000000000000000e+01
1.305498000000000047e+02 4.511167297363281250e+02 3.800000000000000000e+01
1.305498000000000047e+02 4.524595947265625000e+02 2.400000000000000000e+01
1.318968000000000131e+02 4.520215148925781250e+02 3.200000000000000000e+01
1.322340000000000089e+02 4.511214294433593750e+02 2.100000000000000000e+01
1.325741999999999905e+02 4.511270751953125000e+02 2.900000000000000000e+01
1.335840000000000032e+02 4.528632812500000000e+02 3.300000000000000000e+01
1.339211999999999989e+02 4.530462341308593750e+02 2.100000000000000000e+01
1.345937999999999874e+02 4.530433349609375000e+02 2.100000000000000000e+01
1.349310000000000116e+02 4.530099182128906250e+02 2.900000000000000000e+01
1.352682000000000073e+02 4.511083068847656250e+02 3.000000000000000000e+01
1.356048000000000116e+02 4.511136779785156250e+02 2.700000000000000000e+01
