1.083168000000000006e+02 4.461286621093750000e+02 3.500000000000000000e+01
1.086539999999999964e+02 4.469320678710937500e+02 2.900000000000000000e+01
1.086539999999999964e+02 4.450544128417968750e+02 2.800000000000000000e+01
1.086539999999999964e+02 4.464542236328125000e+02 2.200000000000000000e+01
1.089912000000000063e+02 4.454874877929687500e+02 2.300000000000000000e+01
1.106748000000000047e+02 4.460838317871093750e+02 2.500000000000000000e+01
1.120217999999999989e+02 4.451265563964843750e+02 3.100000000000000000e+01
1.120217999999999989e+02 4.469323120117187500e+02 2.200000000000000000e+01
1.126967999999999961e+02 4.459878234863281250e+02 2.700000000000000000e+01
1.130340000000000060e+02 4.451172790527343750e+02 2.100000000000000000e+01
1.137072000000000003e+02 4.459147644042968750e+02 4.600000000000000000e+01
1.137072000000000003e+02 4.465359191894531250e+02 2.400000000000000000e+01
1.140438000000000045e+02 4.452731323242187500e+02 2.700000000000000000e+01
1.140438000000000045e+02 4.459955139160156250e+02 2.500000000000000000e+01
1.150548000000000002e+02 4.468988342285156250e+02 2.700000000000000000e+01
1.153907999999999987e+02 4.451548767089843750e+02 2.800000000000000000e+01
1.153907999999999987e+02 4.460849914550781250e+02 2.400000000000000000e+01
1.157279999999999944e+02 4.452324218750000000e+02 2.800000000000000000e+01
1.164017999999999944e+02 4.459771118164062500e+02 2.600000000000000000e+01
1.164017999999999944e+02 4.450882568359375000e+02 2.500000000000000000e+01
1.164017999999999944e+02 4.465674438476562500e+02 2.100000000000000000e+01
1.170750000000000028e+02 4.450914611816406250e+02 2.500000000000000000e+01
1.170750000000000028e+02 4.464621887207031250e+02 2.400000000000000000e+01
1.174121999999999986e+02 4.460958557128906250e+02 2.200000000000000000e+01
1.177488000000000028e+02 4.450372314453125000e+02 2.200000000000000000e+01
1.177488000000000028e+02 4.460924987792968750e+02 2.200000000000000000e+01
1.184231999999999942e+02 4.451504821777343750e+02 3.700000000000000000e+01
1.184231999999999942e+02 4.460907592773437500e+02 2.700000000000000000e+01
1.187592000000000070e+02 4.451876831054687500e+02 2.300000000000000000e+01
1.190957999999999970e+02 4.450248718261718750e+02 2.400000000000000000e+01
1.194330000000000069e+02 4.460396118164062500e+02 2.600000000000000000e+01
1.204428000000000054e+02 4.451470336914062500e+02 2.500000000000000000e+01
1.204428000000000054e+02 4.465357971191406250e+02 2.300000000000000000e+01
1.217897999999999996e+02 4.460088806152343750e+02 2.700000000000000000e+01
1.221269999999999953e+02 4.451475524902343750e+02 5.200000000000000000e+01
1.221269999999999953e+02 4.454110107421875000e+02 2.500000000000000000e+01
1.224659999999999940e+02 4.462246093750000000e+02 2.400000000000000000e+01
1.231392000000000024e+02 4.459738464355468750e+02 2.400000000000000000e+01
1.234758000000000067e+02 4.451661376953125000e+02 2.400000000000000000e+01
1.244879999999999995e+02 4.464736328125000000e+02 2.800000000000000000e+01
1.248251999999999953e+02 4.460959472656250000e+02 3.200000000000000000e+01
1.248251999999999953e+02 4.468723754882812500e+02 2.500000000000000000e+01
1.261722000000000037e+02 4.451875305175781250e+02 2.900000000000000000e+01
1.265087999999999937e+02 4.450131835937500000e+02 3.900000000000000000e+01
1.268448000000000064e+02 4.468136291503906250e+02 2.100000000000000000e+01
1.278558000000000021e+02 4.450680236816406250e+02 2.500000000000000000e+01
1.281930000000000121e+02 4.450296630859375000e+02 2.200000000000000000e+01
1.285289999999999964e+02 4.459969177246093750e+02 2.500000000000000000e+01
1.288661999999999921e+02 4.451210327148437500e+02 2.400000000000000000e+01
1.288661999999999921e+02 4.461025390625000000e+02 2.100000000000000000e+01
1.295399999999999920e+02 4.460901794433593750e+02 3.300000000000000000e+01
1.305498000000000047e+02 4.451182556152343750e+02 2.600000000000000000e+01
1.312241999999999962e+02 4.461156921386718750e+02 2.700000000000000000e+01
1.312241999999999962e+02 4.458532104492187500e+02 2.100000000000000000e+01
1.315608000000000004e+02 4.450885620117187500e+02 2.400000000000000000e+01
1.318968000000000131e+02 4.465668029785156250e+02 3.300000000000000000e+01
1.322340000000000089e+02 4.453088073730468750e+02 2.400000000000000000e+01
1.322340000000000089e+02 4.451023864746093750e+02 2.300000000000000000e+01
1.329102000000000032e+02 4.451322326660156250e+02 3.600000000000000000e+01
1.329102000000000032e+02 4.460685119628906250e+02 2.900000000000000000e+01
1.335840000000000032e+02 4.449890747070312500e+02 3.100000000000000000e+01
1.339211999999999989e+02 4.459390869140625000e+02 2.400000000000000000e+01
1.342572000000000116e+02 4.460707702636718750e+02 3.600000000000000000e+01
1.345937999999999874e+02 4.461161804199218750e+02 2.400000000000000000e+01
1.345937999999999874e+02 4.451005554199218750e+02 2.200000000000000000e+01
1.349310000000000116e+02 4.450829467773437500e+02 2.400000000000000000e+01
1.349310000000000116e+02 4.463586120605468750e+02 2.100000000000000000e+01
1.352682000000000073e+02 4.451486816406250000e+02 2.100000000000000000e+01
