1.150548000000000002e+02 5.935923461914062500e+02 2.400000000000000000e+01
1.153907999999999987e+02 5.930823364257812500e+02 2.600000000000000000e+01
1.170750000000000028e+02 5.942052612304687500e+02 2.200000000000000000e+01
1.184231999999999942e+02 5.942146606445312500e+02 3.700000000000000000e+01
1.190957999999999970e+02 5.930641479492187500e+02 2.400000000000000000e+01
1.194330000000000069e+02 5.939367675781250000e+02 2.400000000000000000e+01
1.244879999999999995e+02 5.934152221679687500e+02 2.400000000000000000e+01
1.258349999999999937e+02 5.939039916992187500e+02 2.400000000000000000e+01
1.265087999999999937e+02 5.932620849609375000e+02 2.900000000000000000e+01
1.308870000000000005e+02 5.941376953125000000e+02 2.600000000000000000e+01
1.315608000000000004e+02 5.935509643554687500e+02 2.100000000000000000e+01
1.325741999999999905e+02 5.928472290039062500e+02 2.400000000000000000e+01
1.332468000000000075e+02 5.931532592773437500e+02 3.000000000000000000e+01
1.342572000000000116e+02 5.939838867187500000e+02 2.300000000000000000e+01
1.352682000000000073e+02 5.939324340820312500e+02 2.100000000000000000e+01
1.366151999999999873e+02 5.930698852539062500e+02 2.700000000000000000e+01
1.386359999999999957e+02 5.935446777343750000e+02 2.700000000000000000e+01
