1.133712000000000018e+02 6.166715087890625000e+02 2.100000000000000000e+01
1.150548000000000002e+02 6.165865478515625000e+02 2.200000000000000000e+01
1.204428000000000054e+02 6.156302490234375000e+02 2.100000000000000000e+01
1.248251999999999953e+02 6.161319580078125000e+02 2.500000000000000000e+01
1.271820000000000022e+02 6.161365966796875000e+02 2.200000000000000000e+01
1.288661999999999921e+02 6.155993652343750000e+02 2.400000000000000000e+01
1.292027999999999963e+02 6.160098266601562500e+02 2.400000000000000000e+01
1.305498000000000047e+02 6.169646606445312500e+02 2.300000000000000000e+01
1.305498000000000047e+02 6.167971801757812500e+02 2.100000000000000000e+01
1.308870000000000005e+02 6.154227294921875000e+02 2.200000000000000000e+01
1.335840000000000032e+02 6.155854492187500000e+02 2.900000000000000000e+01
1.416677999999999997e+02 6.152235107421875000e+02 2.800000000000000000e+01
