1.153907999999999987e+02 4.475038146972656250e+02 2.700000000000000000e+01
1.160652000000000044e+02 4.481768798828125000e+02 2.500000000000000000e+01
1.164017999999999944e+02 4.489926452636718750e+02 2.500000000000000000e+01
1.167390000000000043e+02 4.481955871582031250e+02 2.400000000000000000e+01
1.170750000000000028e+02 4.475240173339843750e+02 2.600000000000000000e+01
1.174121999999999986e+02 4.485023803710937500e+02 3.100000000000000000e+01
1.174121999999999986e+02 4.482260437011718750e+02 2.600000000000000000e+01
1.174121999999999986e+02 4.489028625488281250e+02 2.500000000000000000e+01
1.180859999999999985e+02 4.475426635742187500e+02 4.300000000000000000e+01
1.184231999999999942e+02 4.481359252929687500e+02 3.000000000000000000e+01
1.184231999999999942e+02 4.474291992187500000e+02 2.600000000000000000e+01
1.187592000000000070e+02 4.490993957519531250e+02 2.800000000000000000e+01
1.190957999999999970e+02 4.478314819335937500e+02 2.300000000000000000e+01
1.197702000000000027e+02 4.489890136718750000e+02 4.100000000000000000e+01
1.197702000000000027e+02 4.480728149414062500e+02 3.000000000000000000e+01
1.204428000000000054e+02 4.491031799316406250e+02 3.400000000000000000e+01
1.207800000000000011e+02 4.474665527343750000e+02 2.400000000000000000e+01
1.207800000000000011e+02 4.491246948242187500e+02 2.100000000000000000e+01
1.211171999999999969e+02 4.479309082031250000e+02 2.800000000000000000e+01
1.214538000000000011e+02 4.481058044433593750e+02 3.300000000000000000e+01
1.214538000000000011e+02 4.473686523437500000e+02 2.400000000000000000e+01
1.217897999999999996e+02 4.489869995117187500e+02 2.400000000000000000e+01
1.221269999999999953e+02 4.484939270019531250e+02 3.100000000000000000e+01
1.221269999999999953e+02 4.490235595703125000e+02 2.600000000000000000e+01
1.228020000000000067e+02 4.491621704101562500e+02 3.300000000000000000e+01
1.231392000000000024e+02 4.489926452636718750e+02 2.700000000000000000e+01
1.231392000000000024e+02 4.487581481933593750e+02 2.600000000000000000e+01
1.231392000000000024e+02 4.481490783691406250e+02 2.400000000000000000e+01
1.234758000000000067e+02 4.479237670898437500e+02 2.700000000000000000e+01
1.238130000000000024e+02 4.484796142578125000e+02 2.900000000000000000e+01
1.241508000000000038e+02 4.481383972167968750e+02 2.100000000000000000e+01
1.244879999999999995e+02 4.472072143554687500e+02 3.200000000000000000e+01
1.244879999999999995e+02 4.480162048339843750e+02 2.600000000000000000e+01
1.244879999999999995e+02 4.482403869628906250e+02 2.400000000000000000e+01
1.258349999999999937e+02 4.484918212890625000e+02 3.300000000000000000e+01
1.261722000000000037e+02 4.487339477539062500e+02 2.900000000000000000e+01
1.261722000000000037e+02 4.479662780761718750e+02 2.200000000000000000e+01
1.261722000000000037e+02 4.488464355468750000e+02 2.100000000000000000e+01
1.265087999999999937e+02 4.490829162597656250e+02 3.100000000000000000e+01
1.278558000000000021e+02 4.476500854492187500e+02 2.400000000000000000e+01
1.278558000000000021e+02 4.485424499511718750e+02 2.100000000000000000e+01
1.281930000000000121e+02 4.488871459960937500e+02 2.600000000000000000e+01
1.288661999999999921e+02 4.485607604980468750e+02 3.300000000000000000e+01
1.295399999999999920e+02 4.484058837890625000e+02 2.400000000000000000e+01
1.298771999999999878e+02 4.481214599609375000e+02 4.000000000000000000e+01
1.302132000000000005e+02 4.481640625000000000e+02 2.500000000000000000e+01
1.329102000000000032e+02 4.475142822265625000e+02 2.700000000000000000e+01
1.332468000000000075e+02 4.482617797851562500e+02 2.400000000000000000e+01
1.332468000000000075e+02 4.474947509765625000e+02 2.100000000000000000e+01
1.335840000000000032e+02 4.489237976074218750e+02 2.800000000000000000e+01
1.335840000000000032e+02 4.491276855468750000e+02 2.200000000000000000e+01
1.335840000000000032e+02 4.485161132812500000e+02 2.100000000000000000e+01
1.339211999999999989e+02 4.490935363769531250e+02 2.700000000000000000e+01
1.342572000000000116e+02 4.490972900390625000e+02 2.400000000000000000e+01
1.342572000000000116e+02 4.483484191894531250e+02 2.200000000000000000e+01
1.342572000000000116e+02 4.471892089843750000e+02 2.100000000000000000e+01
1.345937999999999874e+02 4.489575195312500000e+02 2.500000000000000000e+01
1.345937999999999874e+02 4.475273132324218750e+02 2.200000000000000000e+01
1.349310000000000116e+02 4.491029052734375000e+02 3.900000000000000000e+01
1.352682000000000073e+02 4.484356994628906250e+02 3.600000000000000000e+01
1.356048000000000116e+02 4.481092834472656250e+02 3.000000000000000000e+01
1.356048000000000116e+02 4.472824707031250000e+02 2.700000000000000000e+01
1.359407999999999959e+02 4.480975646972656250e+02 2.100000000000000000e+01
1.362779999999999916e+02 4.489103393554687500e+02 2.100000000000000000e+01
1.376250000000000000e+02 4.474211120605468750e+02 2.500000000000000000e+01
1.403201999999999998e+02 4.481350708007812500e+02 2.700000000000000000e+01
1.403201999999999998e+02 4.490967407226562500e+02 2.100000000000000000e+01
1.406568000000000040e+02 4.490797424316406250e+02 2.300000000000000000e+01
1.409939999999999998e+02 4.491377563476562500e+02 2.200000000000000000e+01
1.413311999999999955e+02 4.484128723144531250e+02 2.300000000000000000e+01
1.416677999999999997e+02 4.487629394531250000e+02 2.800000000000000000e+01
1.420049999999999955e+02 4.490075988769531250e+02 2.200000000000000000e+01
1.430172000000000025e+02 4.490981750488281250e+02 2.100000000000000000e+01
1.433538000000000068e+02 4.490971679687500000e+02 4.000000000000000000e+01
1.433538000000000068e+02 4.481281433105468750e+02 3.500000000000000000e+01
1.436910000000000025e+02 4.489411621093750000e+02 2.800000000000000000e+01
1.436910000000000025e+02 4.490433959960937500e+02 2.500000000000000000e+01
1.440269999999999868e+02 4.472303161621093750e+02 3.000000000000000000e+01
1.443642000000000110e+02 4.490556945800781250e+02 4.200000000000000000e+01
1.443642000000000110e+02 4.481258239746093750e+02 3.400000000000000000e+01
1.447007999999999868e+02 4.480169067382812500e+02 2.500000000000000000e+01
