1.167390000000000043e+02 2.050422515869140625e+02 4.900000000000000000e+01
1.167390000000000043e+02 2.061136779785156250e+02 2.100000000000000000e+01
1.170750000000000028e+02 2.055188598632812500e+02 2.500000000000000000e+01
1.174121999999999986e+02 2.050443267822265625e+02 2.100000000000000000e+01
1.184231999999999942e+02 2.064707183837890625e+02 4.000000000000000000e+01
1.184231999999999942e+02 2.046325531005859375e+02 2.200000000000000000e+01
1.190957999999999970e+02 2.050688018798828125e+02 2.600000000000000000e+01
1.190957999999999970e+02 2.060868988037109375e+02 2.600000000000000000e+01
1.197702000000000027e+02 2.050124664306640625e+02 2.700000000000000000e+01
1.197702000000000027e+02 2.045573883056640625e+02 2.100000000000000000e+01
1.204428000000000054e+02 2.063734893798828125e+02 2.200000000000000000e+01
1.211171999999999969e+02 2.050459899902343750e+02 3.200000000000000000e+01
1.214538000000000011e+02 2.050119171142578125e+02 3.700000000000000000e+01
1.217897999999999996e+02 2.060421600341796875e+02 2.100000000000000000e+01
1.221269999999999953e+02 2.049483489990234375e+02 2.500000000000000000e+01
1.221269999999999953e+02 2.050856018066406250e+02 2.200000000000000000e+01
1.234758000000000067e+02 2.060606079101562500e+02 2.300000000000000000e+01
1.234758000000000067e+02 2.050182800292968750e+02 2.300000000000000000e+01
1.238130000000000024e+02 2.060048980712890625e+02 2.300000000000000000e+01
1.241508000000000038e+02 2.060592193603515625e+02 2.500000000000000000e+01
1.248251999999999953e+02 2.051026153564453125e+02 2.800000000000000000e+01
1.251611999999999938e+02 2.060473480224609375e+02 2.800000000000000000e+01
1.258349999999999937e+02 2.050636291503906250e+02 3.100000000000000000e+01
1.258349999999999937e+02 2.060700073242187500e+02 2.600000000000000000e+01
1.268448000000000064e+02 2.045489196777343750e+02 2.300000000000000000e+01
1.268448000000000064e+02 2.050829010009765625e+02 2.200000000000000000e+01
1.271820000000000022e+02 2.060898895263671875e+02 2.400000000000000000e+01
1.275191999999999979e+02 2.061226806640625000e+02 3.600000000000000000e+01
1.275191999999999979e+02 2.051432037353515625e+02 2.200000000000000000e+01
1.278558000000000021e+02 2.060342407226562500e+02 4.000000000000000000e+01
1.281930000000000121e+02 2.060638275146484375e+02 3.800000000000000000e+01
1.281930000000000121e+02 2.050601806640625000e+02 2.300000000000000000e+01
1.285289999999999964e+02 2.061113128662109375e+02 2.500000000000000000e+01
1.292027999999999963e+02 2.061299591064453125e+02 2.300000000000000000e+01
1.298771999999999878e+02 2.050369567871093750e+02 2.700000000000000000e+01
1.305498000000000047e+02 2.055632629394531250e+02 2.400000000000000000e+01
1.308870000000000005e+02 2.060374603271484375e+02 3.600000000000000000e+01
1.308870000000000005e+02 2.050574951171875000e+02 2.300000000000000000e+01
1.315608000000000004e+02 2.055225067138671875e+02 2.400000000000000000e+01
1.318968000000000131e+02 2.061078796386718750e+02 2.300000000000000000e+01
1.325741999999999905e+02 2.064906768798828125e+02 2.100000000000000000e+01
1.339211999999999989e+02 2.061199035644531250e+02 2.100000000000000000e+01
1.342572000000000116e+02 2.061159667968750000e+02 2.900000000000000000e+01
1.342572000000000116e+02 2.051079559326171875e+02 2.200000000000000000e+01
1.349310000000000116e+02 2.060548248291015625e+02 2.400000000000000000e+01
1.352682000000000073e+02 2.049649810791015625e+02 2.300000000000000000e+01
1.362779999999999916e+02 2.060510101318359375e+02 2.500000000000000000e+01
1.366151999999999873e+02 2.045226135253906250e+02 3.100000000000000000e+01
1.366151999999999873e+02 2.049215240478515625e+02 2.700000000000000000e+01
1.369517999999999915e+02 2.060075531005859375e+02 2.700000000000000000e+01
1.376250000000000000e+02 2.050850830078125000e+02 4.700000000000000000e+01
1.376250000000000000e+02 2.060766143798828125e+02 2.900000000000000000e+01
1.379621999999999957e+02 2.060629730224609375e+02 2.400000000000000000e+01
1.379621999999999957e+02 2.050365905761718750e+02 2.400000000000000000e+01
1.389720000000000084e+02 2.065023956298828125e+02 2.400000000000000000e+01
1.389720000000000084e+02 2.049876861572265625e+02 2.100000000000000000e+01
1.393092000000000041e+02 2.050246887207031250e+02 3.100000000000000000e+01
1.403201999999999998e+02 2.050508270263671875e+02 3.400000000000000000e+01
1.403201999999999998e+02 2.060552520751953125e+02 2.900000000000000000e+01
1.406568000000000040e+02 2.050625000000000000e+02 2.400000000000000000e+01
1.409939999999999998e+02 2.060650482177734375e+02 2.400000000000000000e+01
1.416677999999999997e+02 2.050581665039062500e+02 3.100000000000000000e+01
1.416677999999999997e+02 2.060007019042968750e+02 2.700000000000000000e+01
1.420049999999999955e+02 2.055806427001953125e+02 2.900000000000000000e+01
1.423421999999999912e+02 2.060577697753906250e+02 2.600000000000000000e+01
1.426800000000000068e+02 2.061157073974609375e+02 3.000000000000000000e+01
1.426800000000000068e+02 2.051416473388671875e+02 2.500000000000000000e+01
1.430172000000000025e+02 2.060749816894531250e+02 2.300000000000000000e+01
1.436910000000000025e+02 2.049740753173828125e+02 2.300000000000000000e+01
1.443642000000000110e+02 2.060632934570312500e+02 3.800000000000000000e+01
1.443642000000000110e+02 2.064963073730468750e+02 2.100000000000000000e+01
1.447007999999999868e+02 2.050866088867187500e+02 2.600000000000000000e+01
1.450380000000000109e+02 2.050572814941406250e+02 2.600000000000000000e+01
1.450380000000000109e+02 2.060381469726562500e+02 2.500000000000000000e+01
1.453752000000000066e+02 2.060541839599609375e+02 2.100000000000000000e+01
1.457111999999999910e+02 2.061334533691406250e+02 2.300000000000000000e+01
1.457111999999999910e+02 2.060245819091796875e+02 2.200000000000000000e+01
1.457111999999999910e+02 2.050751037597656250e+02 2.200000000000000000e+01
1.460477999999999952e+02 2.060354919433593750e+02 4.600000000000000000e+01
