1.174121999999999986e+02 1.949600982666015625e+02 2.700000000000000000e+01
1.177488000000000028e+02 1.949531860351562500e+02 3.200000000000000000e+01
1.177488000000000028e+02 1.939212341308593750e+02 2.300000000000000000e+01
1.180859999999999985e+02 1.950213775634765625e+02 4.100000000000000000e+01
1.187592000000000070e+02 1.944051818847656250e+02 2.200000000000000000e+01
1.194330000000000069e+02 1.930655822753906250e+02 2.600000000000000000e+01
1.194330000000000069e+02 1.940654449462890625e+02 2.200000000000000000e+01
1.197702000000000027e+02 1.939706726074218750e+02 4.000000000000000000e+01
1.197702000000000027e+02 1.950321502685546875e+02 2.800000000000000000e+01
1.197702000000000027e+02 1.931335449218750000e+02 2.300000000000000000e+01
1.197702000000000027e+02 1.940694274902343750e+02 2.200000000000000000e+01
1.197702000000000027e+02 1.930499572753906250e+02 2.100000000000000000e+01
1.224659999999999940e+02 1.930535583496093750e+02 3.200000000000000000e+01
1.224659999999999940e+02 1.940041503906250000e+02 2.100000000000000000e+01
1.228020000000000067e+02 1.935478820800781250e+02 2.700000000000000000e+01
1.231392000000000024e+02 1.950330047607421875e+02 2.900000000000000000e+01
1.231392000000000024e+02 1.940827484130859375e+02 2.200000000000000000e+01
1.234758000000000067e+02 1.930809326171875000e+02 2.900000000000000000e+01
1.234758000000000067e+02 1.939702758789062500e+02 2.200000000000000000e+01
1.238130000000000024e+02 1.949686126708984375e+02 2.200000000000000000e+01
1.238130000000000024e+02 1.940683746337890625e+02 2.200000000000000000e+01
1.254977999999999980e+02 1.930476684570312500e+02 3.400000000000000000e+01
1.258349999999999937e+02 1.949539794921875000e+02 3.400000000000000000e+01
1.265087999999999937e+02 1.930394134521484375e+02 3.200000000000000000e+01
1.268448000000000064e+02 1.941178283691406250e+02 2.200000000000000000e+01
1.271820000000000022e+02 1.940298309326171875e+02 5.000000000000000000e+01
1.271820000000000022e+02 1.949401092529296875e+02 2.800000000000000000e+01
1.271820000000000022e+02 1.950190429687500000e+02 2.100000000000000000e+01
1.275191999999999979e+02 1.946189270019531250e+02 2.200000000000000000e+01
1.275191999999999979e+02 1.930423431396484375e+02 2.100000000000000000e+01
1.278558000000000021e+02 1.939749755859375000e+02 3.500000000000000000e+01
1.281930000000000121e+02 1.939598388671875000e+02 4.500000000000000000e+01
1.281930000000000121e+02 1.930806884765625000e+02 3.200000000000000000e+01
1.285289999999999964e+02 1.950269317626953125e+02 2.800000000000000000e+01
1.292027999999999963e+02 1.940344238281250000e+02 2.800000000000000000e+01
1.292027999999999963e+02 1.930392150878906250e+02 2.300000000000000000e+01
1.305498000000000047e+02 1.949599609375000000e+02 2.400000000000000000e+01
1.308870000000000005e+02 1.939290313720703125e+02 2.500000000000000000e+01
1.315608000000000004e+02 1.930881958007812500e+02 2.600000000000000000e+01
1.322340000000000089e+02 1.940344696044921875e+02 3.500000000000000000e+01
1.322340000000000089e+02 1.939734039306640625e+02 2.900000000000000000e+01
1.339211999999999989e+02 1.941573486328125000e+02 2.400000000000000000e+01
1.339211999999999989e+02 1.938463745117187500e+02 2.100000000000000000e+01
1.342572000000000116e+02 1.950052947998046875e+02 2.100000000000000000e+01
1.352682000000000073e+02 1.935180206298828125e+02 3.200000000000000000e+01
1.356048000000000116e+02 1.940445404052734375e+02 2.400000000000000000e+01
1.356048000000000116e+02 1.930427246093750000e+02 2.300000000000000000e+01
1.356048000000000116e+02 1.950218353271484375e+02 2.300000000000000000e+01
1.359407999999999959e+02 1.950313720703125000e+02 2.200000000000000000e+01
1.366151999999999873e+02 1.939975738525390625e+02 3.100000000000000000e+01
1.369517999999999915e+02 1.930517883300781250e+02 3.100000000000000000e+01
1.376250000000000000e+02 1.940901794433593750e+02 3.500000000000000000e+01
1.379621999999999957e+02 1.941226959228515625e+02 3.100000000000000000e+01
1.379621999999999957e+02 1.949274139404296875e+02 2.100000000000000000e+01
1.382988000000000000e+02 1.940526428222656250e+02 3.200000000000000000e+01
1.382988000000000000e+02 1.930464935302734375e+02 2.100000000000000000e+01
1.386359999999999957e+02 1.940477447509765625e+02 2.400000000000000000e+01
1.386359999999999957e+02 1.930503997802734375e+02 2.300000000000000000e+01
1.386359999999999957e+02 1.947198486328125000e+02 2.300000000000000000e+01
1.389720000000000084e+02 1.940536804199218750e+02 2.200000000000000000e+01
1.393092000000000041e+02 1.939620513916015625e+02 3.200000000000000000e+01
1.393092000000000041e+02 1.940410003662109375e+02 3.000000000000000000e+01
1.396458000000000084e+02 1.930498657226562500e+02 2.700000000000000000e+01
1.399830000000000041e+02 1.941118469238281250e+02 3.100000000000000000e+01
1.403201999999999998e+02 1.930498657226562500e+02 4.000000000000000000e+01
1.403201999999999998e+02 1.949627990722656250e+02 3.500000000000000000e+01
1.403201999999999998e+02 1.935330505371093750e+02 2.300000000000000000e+01
1.406568000000000040e+02 1.950178527832031250e+02 2.800000000000000000e+01
1.406568000000000040e+02 1.941117706298828125e+02 2.300000000000000000e+01
1.409939999999999998e+02 1.931161651611328125e+02 3.600000000000000000e+01
1.409939999999999998e+02 1.940263824462890625e+02 2.600000000000000000e+01
1.416677999999999997e+02 1.930526123046875000e+02 3.300000000000000000e+01
1.420049999999999955e+02 1.930562438964843750e+02 3.600000000000000000e+01
1.423421999999999912e+02 1.930565032958984375e+02 2.300000000000000000e+01
1.426800000000000068e+02 1.930560455322265625e+02 4.600000000000000000e+01
1.430172000000000025e+02 1.940875854492187500e+02 2.800000000000000000e+01
1.433538000000000068e+02 1.930772552490234375e+02 3.900000000000000000e+01
1.440269999999999868e+02 1.930408477783203125e+02 4.200000000000000000e+01
1.443642000000000110e+02 1.950265655517578125e+02 2.900000000000000000e+01
1.443642000000000110e+02 1.945734405517578125e+02 2.100000000000000000e+01
1.450380000000000109e+02 1.930381317138671875e+02 3.900000000000000000e+01
1.450380000000000109e+02 1.940480499267578125e+02 2.700000000000000000e+01
1.453752000000000066e+02 1.942028045654296875e+02 2.200000000000000000e+01
1.457111999999999910e+02 1.950195312500000000e+02 2.300000000000000000e+01
1.460477999999999952e+02 1.950304260253906250e+02 4.100000000000000000e+01
1.460477999999999952e+02 1.939112091064453125e+02 3.100000000000000000e+01
1.460477999999999952e+02 1.930990753173828125e+02 2.400000000000000000e+01
1.463849999999999909e+02 1.940978393554687500e+02 2.800000000000000000e+01
1.467221999999999866e+02 1.945552978515625000e+02 2.300000000000000000e+01
1.467221999999999866e+02 1.939506835937500000e+02 2.200000000000000000e+01
