1.204428000000000054e+02 1.210829925537109375e+02 2.200000000000000000e+01
1.211171999999999969e+02 1.210654754638671875e+02 2.600000000000000000e+01
1.211171999999999969e+02 1.230577239990234375e+02 2.100000000000000000e+01
1.214538000000000011e+02 1.210721282958984375e+02 3.800000000000000000e+01
1.221269999999999953e+02 1.215055618286132812e+02 2.100000000000000000e+01
1.238130000000000024e+02 1.210841064453125000e+02 3.000000000000000000e+01
1.241508000000000038e+02 1.220155563354492188e+02 2.400000000000000000e+01
1.244879999999999995e+02 1.230536041259765625e+02 2.600000000000000000e+01
1.248251999999999953e+02 1.220250396728515625e+02 2.900000000000000000e+01
1.251611999999999938e+02 1.230598754882812500e+02 2.300000000000000000e+01
1.254977999999999980e+02 1.210930557250976562e+02 3.300000000000000000e+01
1.268448000000000064e+02 1.230510101318359375e+02 2.500000000000000000e+01
1.271820000000000022e+02 1.210813980102539062e+02 2.200000000000000000e+01
1.275191999999999979e+02 1.230514221191406250e+02 2.700000000000000000e+01
1.295399999999999920e+02 1.230282745361328125e+02 2.900000000000000000e+01
1.298771999999999878e+02 1.230479660034179688e+02 4.100000000000000000e+01
1.302132000000000005e+02 1.210702590942382812e+02 2.100000000000000000e+01
1.305498000000000047e+02 1.210765075683593750e+02 2.700000000000000000e+01
1.318968000000000131e+02 1.213585052490234375e+02 2.100000000000000000e+01
1.329102000000000032e+02 1.230444564819335938e+02 2.600000000000000000e+01
1.329102000000000032e+02 1.220653533935546875e+02 2.200000000000000000e+01
1.332468000000000075e+02 1.214509124755859375e+02 2.400000000000000000e+01
1.342572000000000116e+02 1.210676651000976562e+02 2.200000000000000000e+01
1.345937999999999874e+02 1.230545120239257812e+02 2.100000000000000000e+01
1.349310000000000116e+02 1.230520019531250000e+02 2.400000000000000000e+01
1.372889999999999873e+02 1.210678482055664062e+02 2.800000000000000000e+01
1.376250000000000000e+02 1.215357131958007812e+02 2.200000000000000000e+01
1.386359999999999957e+02 1.230584106445312500e+02 3.000000000000000000e+01
1.386359999999999957e+02 1.210673828125000000e+02 2.800000000000000000e+01
1.389720000000000084e+02 1.210681533813476562e+02 2.700000000000000000e+01
1.396458000000000084e+02 1.229726867675781250e+02 2.400000000000000000e+01
1.403201999999999998e+02 1.230427780151367188e+02 2.200000000000000000e+01
1.409939999999999998e+02 1.230525512695312500e+02 3.800000000000000000e+01
1.413311999999999955e+02 1.220955581665039062e+02 3.800000000000000000e+01
1.413311999999999955e+02 1.230377883911132812e+02 2.800000000000000000e+01
1.420049999999999955e+02 1.230518264770507812e+02 2.200000000000000000e+01
1.433538000000000068e+02 1.210954818725585938e+02 3.400000000000000000e+01
1.436910000000000025e+02 1.230427551269531250e+02 3.300000000000000000e+01
1.443642000000000110e+02 1.229327774047851562e+02 2.100000000000000000e+01
1.447007999999999868e+02 1.230560226440429688e+02 2.700000000000000000e+01
1.460477999999999952e+02 1.219140625000000000e+02 2.400000000000000000e+01
