1.231392000000000024e+02 5.954696044921875000e+02 2.100000000000000000e+01
1.271820000000000022e+02 5.951368408203125000e+02 3.200000000000000000e+01
1.285289999999999964e+02 5.952014160156250000e+02 2.100000000000000000e+01
1.288661999999999921e+02 5.955023803710937500e+02 2.100000000000000000e+01
1.292027999999999963e+02 5.947932128906250000e+02 2.400000000000000000e+01
1.295399999999999920e+02 5.953022460937500000e+02 2.300000000000000000e+01
1.298771999999999878e+02 5.952379760742187500e+02 2.700000000000000000e+01
1.312241999999999962e+02 5.951002197265625000e+02 2.100000000000000000e+01
1.318968000000000131e+02 5.950194091796875000e+02 3.400000000000000000e+01
1.325741999999999905e+02 5.951182250976562500e+02 2.800000000000000000e+01
1.342572000000000116e+02 5.943131103515625000e+02 2.700000000000000000e+01
1.349310000000000116e+02 5.957983398437500000e+02 2.200000000000000000e+01
1.356048000000000116e+02 5.947647094726562500e+02 2.800000000000000000e+01
1.362779999999999916e+02 5.950266113281250000e+02 3.100000000000000000e+01
1.366151999999999873e+02 5.951557617187500000e+02 2.200000000000000000e+01
1.382988000000000000e+02 5.959956665039062500e+02 2.500000000000000000e+01
1.399830000000000041e+02 5.951016845703125000e+02 3.100000000000000000e+01
1.433538000000000068e+02 5.958876342773437500e+02 2.300000000000000000e+01
1.436910000000000025e+02 5.961217651367187500e+02 2.500000000000000000e+01
1.443642000000000110e+02 5.944395141601562500e+02 2.300000000000000000e+01
1.447007999999999868e+02 5.961315917968750000e+02 2.100000000000000000e+01
1.460477999999999952e+02 5.947736816406250000e+02 2.100000000000000000e+01
1.467221999999999866e+02 5.942416381835937500e+02 2.100000000000000000e+01
1.473948000000000036e+02 5.952653198242187500e+02 6.300000000000000000e+01
1.473948000000000036e+02 5.960933837890625000e+02 3.200000000000000000e+01
1.473948000000000036e+02 5.947383422851562500e+02 2.200000000000000000e+01
1.477319999999999993e+02 5.941755371093750000e+02 2.300000000000000000e+01
1.477319999999999993e+02 5.945853271484375000e+02 2.300000000000000000e+01
1.480691999999999950e+02 5.959353027343750000e+02 3.200000000000000000e+01
1.484057999999999993e+02 5.959741821289062500e+02 2.100000000000000000e+01
1.490790000000000077e+02 5.959393310546875000e+02 4.600000000000000000e+01
1.494162000000000035e+02 5.959291381835937500e+02 3.500000000000000000e+01
1.497528000000000077e+02 5.959490356445312500e+02 4.100000000000000000e+01
1.500900000000000034e+02 5.959227905273437500e+02 8.100000000000000000e+01
1.500900000000000034e+02 5.949258422851562500e+02 3.000000000000000000e+01
1.500900000000000034e+02 5.947405395507812500e+02 2.200000000000000000e+01
1.504271999999999991e+02 5.959239501953125000e+02 4.800000000000000000e+01
1.504271999999999991e+02 5.941895751953125000e+02 3.000000000000000000e+01
1.504271999999999991e+02 5.948978271484375000e+02 2.300000000000000000e+01
1.507632000000000119e+02 5.959364013671875000e+02 8.800000000000000000e+01
1.507632000000000119e+02 5.957893676757812500e+02 2.500000000000000000e+01
1.507632000000000119e+02 5.949232177734375000e+02 2.200000000000000000e+01
1.510997999999999877e+02 5.959235229492187500e+02 8.900000000000000000e+01
