1.322340000000000089e+02 6.837894287109375000e+02 2.200000000000000000e+01
1.366151999999999873e+02 6.834174804687500000e+02 2.200000000000000000e+01
1.386359999999999957e+02 6.842578125000000000e+02 2.200000000000000000e+01
1.406568000000000040e+02 6.845491943359375000e+02 2.700000000000000000e+01
1.409939999999999998e+02 6.841884155273437500e+02 2.700000000000000000e+01
1.443642000000000110e+02 6.831304321289062500e+02 3.400000000000000000e+01
1.443642000000000110e+02 6.849979248046875000e+02 2.300000000000000000e+01
1.460477999999999952e+02 6.831783447265625000e+02 2.300000000000000000e+01
1.487429999999999950e+02 6.844421997070312500e+02 2.500000000000000000e+01
1.510997999999999877e+02 6.845127563476562500e+02 2.100000000000000000e+01
1.527857999999999947e+02 6.839486694335937500e+02 2.500000000000000000e+01
1.531229999999999905e+02 6.835342407226562500e+02 2.100000000000000000e+01
1.551432000000000073e+02 6.841895141601562500e+02 2.200000000000000000e+01
1.554798000000000116e+02 6.843837890625000000e+02 2.300000000000000000e+01
1.561542000000000030e+02 6.839473266601562500e+02 2.100000000000000000e+01
1.578377999999999872e+02 6.839228515625000000e+02 3.600000000000000000e+01
1.591860000000000070e+02 6.831475830078125000e+02 2.300000000000000000e+01
1.591860000000000070e+02 6.839893798828125000e+02 2.200000000000000000e+01
1.605329999999999870e+02 6.845592651367187500e+02 3.500000000000000000e+01
1.608702000000000112e+02 6.846934204101562500e+02 2.300000000000000000e+01
