1.369517999999999915e+02 2.869849548339843750e+02 3.100000000000000000e+01
1.372889999999999873e+02 2.870598449707031250e+02 3.100000000000000000e+01
1.372889999999999873e+02 2.860527954101562500e+02 2.500000000000000000e+01
1.376250000000000000e+02 2.871022033691406250e+02 3.300000000000000000e+01
1.376250000000000000e+02 2.860537414550781250e+02 2.800000000000000000e+01
1.376250000000000000e+02 2.869693908691406250e+02 2.300000000000000000e+01
1.376250000000000000e+02 2.872809753417968750e+02 2.200000000000000000e+01
1.379621999999999957e+02 2.871198120117187500e+02 2.700000000000000000e+01
1.379621999999999957e+02 2.855401916503906250e+02 2.300000000000000000e+01
1.379621999999999957e+02 2.869994506835937500e+02 2.200000000000000000e+01
1.382988000000000000e+02 2.870570678710937500e+02 3.600000000000000000e+01
1.382988000000000000e+02 2.859695739746093750e+02 2.500000000000000000e+01
1.382988000000000000e+02 2.869475402832031250e+02 2.200000000000000000e+01
1.382988000000000000e+02 2.865818176269531250e+02 2.100000000000000000e+01
1.386359999999999957e+02 2.870732727050781250e+02 5.200000000000000000e+01
1.389720000000000084e+02 2.861287536621093750e+02 2.500000000000000000e+01
1.389720000000000084e+02 2.855264892578125000e+02 2.400000000000000000e+01
1.389720000000000084e+02 2.870722351074218750e+02 2.200000000000000000e+01
1.393092000000000041e+02 2.860191345214843750e+02 3.800000000000000000e+01
1.393092000000000041e+02 2.871020202636718750e+02 3.800000000000000000e+01
1.396458000000000084e+02 2.870708007812500000e+02 4.100000000000000000e+01
1.396458000000000084e+02 2.863195190429687500e+02 2.600000000000000000e+01
1.396458000000000084e+02 2.861088867187500000e+02 2.500000000000000000e+01
1.399830000000000041e+02 2.870315246582031250e+02 2.300000000000000000e+01
1.403201999999999998e+02 2.870590209960937500e+02 2.200000000000000000e+01
1.406568000000000040e+02 2.860787658691406250e+02 3.400000000000000000e+01
1.409939999999999998e+02 2.860262145996093750e+02 2.400000000000000000e+01
1.409939999999999998e+02 2.870428771972656250e+02 2.100000000000000000e+01
1.413311999999999955e+02 2.860198364257812500e+02 2.400000000000000000e+01
1.416677999999999997e+02 2.861390686035156250e+02 3.100000000000000000e+01
1.420049999999999955e+02 2.870896301269531250e+02 2.700000000000000000e+01
1.420049999999999955e+02 2.870027465820312500e+02 2.200000000000000000e+01
1.423421999999999912e+02 2.871974182128906250e+02 3.300000000000000000e+01
1.423421999999999912e+02 2.861192626953125000e+02 2.500000000000000000e+01
1.423421999999999912e+02 2.858475341796875000e+02 2.100000000000000000e+01
1.430172000000000025e+02 2.869621582031250000e+02 2.500000000000000000e+01
1.433538000000000068e+02 2.864926452636718750e+02 3.400000000000000000e+01
1.433538000000000068e+02 2.861282348632812500e+02 3.100000000000000000e+01
1.436910000000000025e+02 2.871065368652343750e+02 3.700000000000000000e+01
1.436910000000000025e+02 2.859820861816406250e+02 2.300000000000000000e+01
1.436910000000000025e+02 2.870398559570312500e+02 2.300000000000000000e+01
1.436910000000000025e+02 2.869343261718750000e+02 2.100000000000000000e+01
1.440269999999999868e+02 2.865146179199218750e+02 2.800000000000000000e+01
1.443642000000000110e+02 2.871069030761718750e+02 4.400000000000000000e+01
1.443642000000000110e+02 2.863995971679687500e+02 2.400000000000000000e+01
1.447007999999999868e+02 2.861756896972656250e+02 2.600000000000000000e+01
1.447007999999999868e+02 2.866231079101562500e+02 2.100000000000000000e+01
1.450380000000000109e+02 2.870943603515625000e+02 2.600000000000000000e+01
1.453752000000000066e+02 2.871397094726562500e+02 3.000000000000000000e+01
1.457111999999999910e+02 2.860769348144531250e+02 3.000000000000000000e+01
1.460477999999999952e+02 2.870265197753906250e+02 3.700000000000000000e+01
1.460477999999999952e+02 2.859927978515625000e+02 2.500000000000000000e+01
1.460477999999999952e+02 2.864879150390625000e+02 2.200000000000000000e+01
1.460477999999999952e+02 2.865853271484375000e+02 2.200000000000000000e+01
1.460477999999999952e+02 2.860814819335937500e+02 2.100000000000000000e+01
1.463849999999999909e+02 2.855421752929687500e+02 3.900000000000000000e+01
1.463849999999999909e+02 2.861600341796875000e+02 3.400000000000000000e+01
1.463849999999999909e+02 2.869861755371093750e+02 2.400000000000000000e+01
1.467221999999999866e+02 2.870686950683593750e+02 2.300000000000000000e+01
1.467221999999999866e+02 2.861850891113281250e+02 2.200000000000000000e+01
1.470587999999999909e+02 2.870291748046875000e+02 3.900000000000000000e+01
1.470587999999999909e+02 2.861260681152343750e+02 2.600000000000000000e+01
1.473948000000000036e+02 2.874400634765625000e+02 3.700000000000000000e+01
1.477319999999999993e+02 2.861762084960937500e+02 3.100000000000000000e+01
1.477319999999999993e+02 2.871110839843750000e+02 2.800000000000000000e+01
1.480691999999999950e+02 2.861765136718750000e+02 3.900000000000000000e+01
1.484057999999999993e+02 2.860106811523437500e+02 4.000000000000000000e+01
1.484057999999999993e+02 2.874340209960937500e+02 2.100000000000000000e+01
1.487429999999999950e+02 2.856303405761718750e+02 2.200000000000000000e+01
1.497528000000000077e+02 2.861458435058593750e+02 3.200000000000000000e+01
1.497528000000000077e+02 2.859122314453125000e+02 2.600000000000000000e+01
1.500900000000000034e+02 2.865830078125000000e+02 2.200000000000000000e+01
1.504271999999999991e+02 2.870902709960937500e+02 3.800000000000000000e+01
1.504271999999999991e+02 2.861693115234375000e+02 2.400000000000000000e+01
1.507632000000000119e+02 2.871066589355468750e+02 3.600000000000000000e+01
1.510997999999999877e+02 2.870744934082031250e+02 2.700000000000000000e+01
1.517742000000000075e+02 2.860025024414062500e+02 3.700000000000000000e+01
1.517742000000000075e+02 2.864413452148437500e+02 3.500000000000000000e+01
1.517742000000000075e+02 2.870608825683593750e+02 2.500000000000000000e+01
1.521108000000000118e+02 2.870204772949218750e+02 3.000000000000000000e+01
1.521108000000000118e+02 2.871216430664062500e+02 2.600000000000000000e+01
1.521108000000000118e+02 2.861041259765625000e+02 2.200000000000000000e+01
1.524467999999999961e+02 2.870913696289062500e+02 2.100000000000000000e+01
1.531229999999999905e+02 2.854948730468750000e+02 2.100000000000000000e+01
1.534590000000000032e+02 2.871026611328125000e+02 2.500000000000000000e+01
1.534590000000000032e+02 2.865111694335937500e+02 2.200000000000000000e+01
1.537961999999999989e+02 2.860688171386718750e+02 2.200000000000000000e+01
1.541328000000000031e+02 2.859961547851562500e+02 2.600000000000000000e+01
1.541328000000000031e+02 2.855046997070312500e+02 2.500000000000000000e+01
1.541328000000000031e+02 2.870737609863281250e+02 2.400000000000000000e+01
1.544699999999999989e+02 2.870403747558593750e+02 6.500000000000000000e+01
1.544699999999999989e+02 2.861179199218750000e+02 4.200000000000000000e+01
1.544699999999999989e+02 2.871617126464843750e+02 2.200000000000000000e+01
1.548060000000000116e+02 2.869363708496093750e+02 2.500000000000000000e+01
1.554798000000000116e+02 2.871485290527343750e+02 3.300000000000000000e+01
1.558170000000000073e+02 2.871784057617187500e+02 3.300000000000000000e+01
1.561542000000000030e+02 2.871542663574218750e+02 3.600000000000000000e+01
1.561542000000000030e+02 2.870889587402343750e+02 3.000000000000000000e+01
1.561542000000000030e+02 2.860142211914062500e+02 2.500000000000000000e+01
1.561542000000000030e+02 2.862043457031250000e+02 2.500000000000000000e+01
1.564908000000000072e+02 2.855330200195312500e+02 3.300000000000000000e+01
1.564908000000000072e+02 2.871492004394531250e+02 2.700000000000000000e+01
1.568267999999999915e+02 2.870190734863281250e+02 2.600000000000000000e+01
1.575012000000000114e+02 2.869687500000000000e+02 3.000000000000000000e+01
1.578377999999999872e+02 2.871082458496093750e+02 2.200000000000000000e+01
1.581750000000000114e+02 2.860245666503906250e+02 3.700000000000000000e+01
1.581750000000000114e+02 2.855135803222656250e+02 2.300000000000000000e+01
1.581750000000000114e+02 2.870861511230468750e+02 2.100000000000000000e+01
1.588488000000000113e+02 2.871340942382812500e+02 3.500000000000000000e+01
1.588488000000000113e+02 2.869843444824218750e+02 3.000000000000000000e+01
1.591860000000000070e+02 2.860993957519531250e+02 5.100000000000000000e+01
1.591860000000000070e+02 2.870950012207031250e+02 3.500000000000000000e+01
1.595232000000000028e+02 2.861658020019531250e+02 2.200000000000000000e+01
1.595232000000000028e+02 2.860563354492187500e+02 2.100000000000000000e+01
1.598591999999999871e+02 2.861038818359375000e+02 3.400000000000000000e+01
1.598591999999999871e+02 2.871127014160156250e+02 2.900000000000000000e+01
1.601957999999999913e+02 2.871338195800781250e+02 3.400000000000000000e+01
1.605329999999999870e+02 2.860909118652343750e+02 4.200000000000000000e+01
1.605329999999999870e+02 2.871323852539062500e+02 3.200000000000000000e+01
1.608702000000000112e+02 2.860899353027343750e+02 5.000000000000000000e+01
1.608702000000000112e+02 2.864254760742187500e+02 3.700000000000000000e+01
1.608702000000000112e+02 2.870364074707031250e+02 2.100000000000000000e+01
1.612067999999999870e+02 2.861163024902343750e+02 6.100000000000000000e+01
1.612067999999999870e+02 2.871164855957031250e+02 2.600000000000000000e+01
1.615427999999999997e+02 2.861865539550781250e+02 4.300000000000000000e+01
1.615427999999999997e+02 2.860469360351562500e+02 3.100000000000000000e+01
1.615427999999999997e+02 2.871300964355468750e+02 2.700000000000000000e+01
1.615427999999999997e+02 2.855067443847656250e+02 2.400000000000000000e+01
1.618799999999999955e+02 2.860942382812500000e+02 4.200000000000000000e+01
1.618799999999999955e+02 2.869593505859375000e+02 2.100000000000000000e+01
1.622171999999999912e+02 2.871414184570312500e+02 5.800000000000000000e+01
1.622171999999999912e+02 2.861000061035156250e+02 3.400000000000000000e+01
1.622171999999999912e+02 2.869813842773437500e+02 2.900000000000000000e+01
1.622171999999999912e+02 2.854917297363281250e+02 2.200000000000000000e+01
1.625537999999999954e+02 2.861096496582031250e+02 5.000000000000000000e+01
1.625537999999999954e+02 2.866913146972656250e+02 2.100000000000000000e+01
1.628922000000000025e+02 2.871121520996093750e+02 5.700000000000000000e+01
1.628922000000000025e+02 2.861105041503906250e+02 5.200000000000000000e+01
1.628922000000000025e+02 2.869742126464843750e+02 2.500000000000000000e+01
1.632288000000000068e+02 2.871148681640625000e+02 4.100000000000000000e+01
1.632288000000000068e+02 2.860995788574218750e+02 3.300000000000000000e+01
1.635660000000000025e+02 2.861005859375000000e+02 8.300000000000000000e+01
1.635660000000000025e+02 2.871057128906250000e+02 4.100000000000000000e+01
1.639031999999999982e+02 2.861052551269531250e+02 6.700000000000000000e+01
1.639031999999999982e+02 2.871195373535156250e+02 3.500000000000000000e+01
1.639031999999999982e+02 2.858952331542968750e+02 2.100000000000000000e+01
1.642392000000000110e+02 2.861225585937500000e+02 5.400000000000000000e+01
1.642392000000000110e+02 2.871031188964843750e+02 4.900000000000000000e+01
1.645757999999999868e+02 2.861065063476562500e+02 1.060000000000000000e+02
1.649130000000000109e+02 2.861108703613281250e+02 9.100000000000000000e+01
1.649130000000000109e+02 2.871088256835937500e+02 3.300000000000000000e+01
1.652502000000000066e+02 2.861167297363281250e+02 1.420000000000000000e+02
1.652502000000000066e+02 2.871095886230468750e+02 8.900000000000000000e+01
1.655868000000000109e+02 2.861223449707031250e+02 7.700000000000000000e+01
1.655868000000000109e+02 2.871076049804687500e+02 5.000000000000000000e+01
1.659227999999999952e+02 2.861336059570312500e+02 8.000000000000000000e+01
1.659227999999999952e+02 2.871106872558593750e+02 6.000000000000000000e+01
1.662599999999999909e+02 2.861390075683593750e+02 1.020000000000000000e+02
1.662599999999999909e+02 2.871071777343750000e+02 5.400000000000000000e+01
1.662599999999999909e+02 2.856623229980468750e+02 2.400000000000000000e+01
