1.467221999999999866e+02 2.560719299316406250e+02 2.700000000000000000e+01
1.467221999999999866e+02 2.551718750000000000e+02 2.400000000000000000e+01
1.467221999999999866e+02 2.548750762939453125e+02 2.100000000000000000e+01
1.470587999999999909e+02 2.550674743652343750e+02 4.600000000000000000e+01
1.470587999999999909e+02 2.560742187500000000e+02 2.500000000000000000e+01
1.473948000000000036e+02 2.550533142089843750e+02 5.600000000000000000e+01
1.473948000000000036e+02 2.560433044433593750e+02 3.700000000000000000e+01
1.473948000000000036e+02 2.548870391845703125e+02 2.100000000000000000e+01
1.477319999999999993e+02 2.550598754882812500e+02 3.300000000000000000e+01
1.477319999999999993e+02 2.555720062255859375e+02 2.800000000000000000e+01
1.477319999999999993e+02 2.545382537841796875e+02 2.200000000000000000e+01
1.480691999999999950e+02 2.541132965087890625e+02 2.400000000000000000e+01
1.480691999999999950e+02 2.560692443847656250e+02 2.200000000000000000e+01
1.480691999999999950e+02 2.551028442382812500e+02 2.200000000000000000e+01
1.484057999999999993e+02 2.555576782226562500e+02 2.300000000000000000e+01
1.484057999999999993e+02 2.560368652343750000e+02 2.200000000000000000e+01
1.487429999999999950e+02 2.550562896728515625e+02 2.800000000000000000e+01
1.487429999999999950e+02 2.544097595214843750e+02 2.100000000000000000e+01
1.490790000000000077e+02 2.550161132812500000e+02 4.000000000000000000e+01
1.490790000000000077e+02 2.560131530761718750e+02 2.700000000000000000e+01
1.490790000000000077e+02 2.541356201171875000e+02 2.600000000000000000e+01
1.494162000000000035e+02 2.560187683105468750e+02 5.100000000000000000e+01
1.497528000000000077e+02 2.559821166992187500e+02 2.100000000000000000e+01
1.500900000000000034e+02 2.550577697753906250e+02 3.100000000000000000e+01
1.500900000000000034e+02 2.549497375488281250e+02 2.500000000000000000e+01
1.507632000000000119e+02 2.550454406738281250e+02 5.000000000000000000e+01
1.507632000000000119e+02 2.560047912597656250e+02 3.200000000000000000e+01
1.507632000000000119e+02 2.551502227783203125e+02 2.900000000000000000e+01
1.510997999999999877e+02 2.550649566650390625e+02 2.500000000000000000e+01
1.510997999999999877e+02 2.560161132812500000e+02 2.200000000000000000e+01
1.514370000000000118e+02 2.560147705078125000e+02 2.500000000000000000e+01
1.514370000000000118e+02 2.540901794433593750e+02 2.300000000000000000e+01
1.517742000000000075e+02 2.551299896240234375e+02 2.500000000000000000e+01
1.521108000000000118e+02 2.550448913574218750e+02 3.100000000000000000e+01
1.521108000000000118e+02 2.560669555664062500e+02 2.300000000000000000e+01
1.527857999999999947e+02 2.550561676025390625e+02 3.000000000000000000e+01
1.527857999999999947e+02 2.549004364013671875e+02 2.100000000000000000e+01
1.531229999999999905e+02 2.550105285644531250e+02 3.400000000000000000e+01
1.531229999999999905e+02 2.560485534667968750e+02 2.500000000000000000e+01
1.531229999999999905e+02 2.552174377441406250e+02 2.200000000000000000e+01
1.534590000000000032e+02 2.560097045898437500e+02 4.600000000000000000e+01
1.534590000000000032e+02 2.550494537353515625e+02 3.900000000000000000e+01
1.537961999999999989e+02 2.549338836669921875e+02 4.400000000000000000e+01
1.537961999999999989e+02 2.560165405273437500e+02 3.500000000000000000e+01
1.537961999999999989e+02 2.550494842529296875e+02 2.100000000000000000e+01
1.541328000000000031e+02 2.550118408203125000e+02 2.900000000000000000e+01
1.544699999999999989e+02 2.560090332031250000e+02 2.500000000000000000e+01
1.544699999999999989e+02 2.550780792236328125e+02 2.300000000000000000e+01
1.548060000000000116e+02 2.551183929443359375e+02 2.200000000000000000e+01
1.551432000000000073e+02 2.560202941894531250e+02 6.000000000000000000e+01
1.551432000000000073e+02 2.551071929931640625e+02 3.500000000000000000e+01
1.558170000000000073e+02 2.554977111816406250e+02 2.100000000000000000e+01
1.561542000000000030e+02 2.550408935546875000e+02 4.800000000000000000e+01
1.564908000000000072e+02 2.560197143554687500e+02 4.700000000000000000e+01
1.564908000000000072e+02 2.550866699218750000e+02 3.200000000000000000e+01
1.568267999999999915e+02 2.551279449462890625e+02 3.200000000000000000e+01
1.568267999999999915e+02 2.560356750488281250e+02 2.500000000000000000e+01
1.568267999999999915e+02 2.556615753173828125e+02 2.100000000000000000e+01
1.575012000000000114e+02 2.550310058593750000e+02 2.400000000000000000e+01
1.575012000000000114e+02 2.549228668212890625e+02 2.100000000000000000e+01
1.578377999999999872e+02 2.550888824462890625e+02 2.800000000000000000e+01
1.581750000000000114e+02 2.559996185302734375e+02 4.200000000000000000e+01
1.581750000000000114e+02 2.556217041015625000e+02 2.300000000000000000e+01
1.585122000000000071e+02 2.540972137451171875e+02 3.400000000000000000e+01
1.585122000000000071e+02 2.560219116210937500e+02 3.100000000000000000e+01
1.585122000000000071e+02 2.555730590820312500e+02 2.500000000000000000e+01
1.585122000000000071e+02 2.550022583007812500e+02 2.500000000000000000e+01
1.591860000000000070e+02 2.560199890136718750e+02 2.400000000000000000e+01
1.595232000000000028e+02 2.550503387451171875e+02 2.100000000000000000e+01
1.598591999999999871e+02 2.549711151123046875e+02 2.600000000000000000e+01
1.601957999999999913e+02 2.550437774658203125e+02 3.600000000000000000e+01
1.605329999999999870e+02 2.560208435058593750e+02 4.200000000000000000e+01
1.605329999999999870e+02 2.550431823730468750e+02 2.100000000000000000e+01
1.612067999999999870e+02 2.560040588378906250e+02 3.400000000000000000e+01
1.615427999999999997e+02 2.550855255126953125e+02 4.900000000000000000e+01
1.618799999999999955e+02 2.541046447753906250e+02 3.500000000000000000e+01
1.618799999999999955e+02 2.549755554199218750e+02 2.500000000000000000e+01
1.622171999999999912e+02 2.549824523925781250e+02 2.800000000000000000e+01
1.622171999999999912e+02 2.551438598632812500e+02 2.700000000000000000e+01
1.622171999999999912e+02 2.545482025146484375e+02 2.400000000000000000e+01
1.628922000000000025e+02 2.551392211914062500e+02 3.500000000000000000e+01
1.628922000000000025e+02 2.555483703613281250e+02 2.300000000000000000e+01
1.632288000000000068e+02 2.549779052734375000e+02 3.300000000000000000e+01
1.632288000000000068e+02 2.550698089599609375e+02 3.000000000000000000e+01
1.635660000000000025e+02 2.550756530761718750e+02 3.300000000000000000e+01
1.635660000000000025e+02 2.545321502685546875e+02 2.500000000000000000e+01
1.635660000000000025e+02 2.549602203369140625e+02 2.500000000000000000e+01
1.635660000000000025e+02 2.560153198242187500e+02 2.100000000000000000e+01
1.639031999999999982e+02 2.560846557617187500e+02 6.400000000000000000e+01
1.639031999999999982e+02 2.550717315673828125e+02 2.100000000000000000e+01
1.642392000000000110e+02 2.551243591308593750e+02 2.700000000000000000e+01
1.645757999999999868e+02 2.541658935546875000e+02 3.600000000000000000e+01
1.645757999999999868e+02 2.560650024414062500e+02 2.400000000000000000e+01
1.645757999999999868e+02 2.550067138671875000e+02 2.100000000000000000e+01
1.649130000000000109e+02 2.541034088134765625e+02 4.100000000000000000e+01
1.649130000000000109e+02 2.545108795166015625e+02 2.800000000000000000e+01
1.652502000000000066e+02 2.540936889648437500e+02 4.500000000000000000e+01
1.652502000000000066e+02 2.549384918212890625e+02 3.200000000000000000e+01
1.652502000000000066e+02 2.550398864746093750e+02 3.200000000000000000e+01
1.655868000000000109e+02 2.560721130371093750e+02 6.800000000000000000e+01
1.655868000000000109e+02 2.540880126953125000e+02 3.200000000000000000e+01
1.655868000000000109e+02 2.550491638183593750e+02 3.000000000000000000e+01
1.659227999999999952e+02 2.551161499023437500e+02 2.800000000000000000e+01
1.662599999999999909e+02 2.546366271972656250e+02 3.400000000000000000e+01
1.662599999999999909e+02 2.559744262695312500e+02 2.200000000000000000e+01
1.662599999999999909e+02 2.550191040039062500e+02 2.200000000000000000e+01
1.665971999999999866e+02 2.540911407470703125e+02 3.200000000000000000e+01
1.665971999999999866e+02 2.550634613037109375e+02 2.400000000000000000e+01
1.665971999999999866e+02 2.560851135253906250e+02 2.400000000000000000e+01
1.669337999999999909e+02 2.550925750732421875e+02 3.700000000000000000e+01
1.669337999999999909e+02 2.541246337890625000e+02 3.600000000000000000e+01
1.672709999999999866e+02 2.541038055419921875e+02 2.600000000000000000e+01
1.672709999999999866e+02 2.550882263183593750e+02 2.400000000000000000e+01
1.672709999999999866e+02 2.549569091796875000e+02 2.300000000000000000e+01
1.672709999999999866e+02 2.560638122558593750e+02 2.200000000000000000e+01
1.676069999999999993e+02 2.550204162597656250e+02 2.600000000000000000e+01
1.676069999999999993e+02 2.558951721191406250e+02 2.200000000000000000e+01
1.679441999999999950e+02 2.550249328613281250e+02 3.200000000000000000e+01
1.682807999999999993e+02 2.540878906250000000e+02 6.100000000000000000e+01
1.682807999999999993e+02 2.559695434570312500e+02 2.600000000000000000e+01
1.686179999999999950e+02 2.540932769775390625e+02 7.700000000000000000e+01
1.686179999999999950e+02 2.550171661376953125e+02 2.300000000000000000e+01
1.689558000000000106e+02 2.550568389892578125e+02 4.600000000000000000e+01
1.689558000000000106e+02 2.560599060058593750e+02 2.400000000000000000e+01
1.689558000000000106e+02 2.546274566650390625e+02 2.200000000000000000e+01
1.692930000000000064e+02 2.550702972412109375e+02 3.200000000000000000e+01
1.696289999999999907e+02 2.546284637451171875e+02 2.200000000000000000e+01
1.696289999999999907e+02 2.555665588378906250e+02 2.100000000000000000e+01
1.699661999999999864e+02 2.550446624755859375e+02 2.200000000000000000e+01
1.703027999999999906e+02 2.550323791503906250e+02 2.500000000000000000e+01
1.703027999999999906e+02 2.555477600097656250e+02 2.300000000000000000e+01
1.706399999999999864e+02 2.550983734130859375e+02 4.600000000000000000e+01
1.706399999999999864e+02 2.540968627929687500e+02 3.200000000000000000e+01
1.709772000000000105e+02 2.546193237304687500e+02 2.300000000000000000e+01
1.709772000000000105e+02 2.551192321777343750e+02 2.200000000000000000e+01
1.713131999999999948e+02 2.551082916259765625e+02 3.600000000000000000e+01
1.713131999999999948e+02 2.560100708007812500e+02 2.400000000000000000e+01
1.713131999999999948e+02 2.555108032226562500e+02 2.300000000000000000e+01
1.713131999999999948e+02 2.556678314208984375e+02 2.100000000000000000e+01
1.716497999999999990e+02 2.560673522949218750e+02 2.500000000000000000e+01
1.716497999999999990e+02 2.549569244384765625e+02 2.100000000000000000e+01
1.719869999999999948e+02 2.551350097656250000e+02 3.200000000000000000e+01
1.719869999999999948e+02 2.560588378906250000e+02 2.600000000000000000e+01
1.723241999999999905e+02 2.560661315917968750e+02 3.500000000000000000e+01
1.723241999999999905e+02 2.551098785400390625e+02 2.700000000000000000e+01
1.723241999999999905e+02 2.541082153320312500e+02 2.200000000000000000e+01
1.726607999999999947e+02 2.560586242675781250e+02 3.300000000000000000e+01
1.726607999999999947e+02 2.556380310058593750e+02 3.200000000000000000e+01
1.729992000000000019e+02 2.560787963867187500e+02 4.700000000000000000e+01
1.729992000000000019e+02 2.550698394775390625e+02 2.900000000000000000e+01
1.729992000000000019e+02 2.545677032470703125e+02 2.200000000000000000e+01
1.733358000000000061e+02 2.550597076416015625e+02 4.400000000000000000e+01
1.733358000000000061e+02 2.541358489990234375e+02 2.600000000000000000e+01
1.733358000000000061e+02 2.560073242187500000e+02 2.200000000000000000e+01
1.736730000000000018e+02 2.550774536132812500e+02 8.300000000000000000e+01
1.736730000000000018e+02 2.560467834472656250e+02 3.100000000000000000e+01
1.736730000000000018e+02 2.546329193115234375e+02 2.300000000000000000e+01
1.740101999999999975e+02 2.550814666748046875e+02 4.700000000000000000e+01
1.740101999999999975e+02 2.555507812500000000e+02 3.000000000000000000e+01
1.740101999999999975e+02 2.541060333251953125e+02 2.700000000000000000e+01
1.743468000000000018e+02 2.550930786132812500e+02 4.100000000000000000e+01
1.743468000000000018e+02 2.540870361328125000e+02 3.100000000000000000e+01
1.746839999999999975e+02 2.550737304687500000e+02 5.300000000000000000e+01
1.746839999999999975e+02 2.560561218261718750e+02 5.100000000000000000e+01
1.746839999999999975e+02 2.556214141845703125e+02 2.800000000000000000e+01
1.750211999999999932e+02 2.550995483398437500e+02 8.600000000000000000e+01
1.750211999999999932e+02 2.554771118164062500e+02 2.500000000000000000e+01
1.750211999999999932e+02 2.556417236328125000e+02 2.300000000000000000e+01
1.753577999999999975e+02 2.540885467529296875e+02 7.400000000000000000e+01
1.753577999999999975e+02 2.550827941894531250e+02 4.900000000000000000e+01
1.753577999999999975e+02 2.560540466308593750e+02 2.800000000000000000e+01
1.753577999999999975e+02 2.556107940673828125e+02 2.300000000000000000e+01
1.756949999999999932e+02 2.560514221191406250e+02 5.600000000000000000e+01
1.756949999999999932e+02 2.550583496093750000e+02 2.900000000000000000e+01
1.760321999999999889e+02 2.550865173339843750e+02 6.200000000000000000e+01
1.760321999999999889e+02 2.560451049804687500e+02 3.500000000000000000e+01
