1.622171999999999912e+02 2.931354370117187500e+02 5.600000000000000000e+01
1.622171999999999912e+02 2.921192321777343750e+02 2.100000000000000000e+01
1.625537999999999954e+02 2.930545349121093750e+02 3.700000000000000000e+01
1.625537999999999954e+02 2.940695800781250000e+02 2.600000000000000000e+01
1.625537999999999954e+02 2.921167602539062500e+02 2.400000000000000000e+01
1.628922000000000025e+02 2.931597900390625000e+02 3.400000000000000000e+01
1.628922000000000025e+02 2.934987487792968750e+02 2.900000000000000000e+01
1.628922000000000025e+02 2.921352233886718750e+02 2.200000000000000000e+01
1.632288000000000068e+02 2.940941772460937500e+02 5.300000000000000000e+01
1.635660000000000025e+02 2.940288085937500000e+02 3.100000000000000000e+01
1.635660000000000025e+02 2.931182250976562500e+02 2.800000000000000000e+01
1.635660000000000025e+02 2.930227355957031250e+02 2.100000000000000000e+01
1.639031999999999982e+02 2.931333007812500000e+02 3.800000000000000000e+01
1.639031999999999982e+02 2.940359191894531250e+02 3.500000000000000000e+01
1.639031999999999982e+02 2.930072937011718750e+02 2.500000000000000000e+01
1.639031999999999982e+02 2.921634216308593750e+02 2.200000000000000000e+01
1.639031999999999982e+02 2.935961608886718750e+02 2.100000000000000000e+01
1.642392000000000110e+02 2.940145263671875000e+02 5.100000000000000000e+01
1.642392000000000110e+02 2.931286010742187500e+02 3.600000000000000000e+01
1.642392000000000110e+02 2.933948974609375000e+02 2.900000000000000000e+01
1.642392000000000110e+02 2.930173645019531250e+02 2.100000000000000000e+01
1.645757999999999868e+02 2.940098266601562500e+02 3.900000000000000000e+01
1.645757999999999868e+02 2.930189208984375000e+02 2.400000000000000000e+01
1.645757999999999868e+02 2.925209655761718750e+02 2.400000000000000000e+01
1.649130000000000109e+02 2.930684204101562500e+02 2.900000000000000000e+01
1.649130000000000109e+02 2.940929870605468750e+02 2.500000000000000000e+01
1.652502000000000066e+02 2.940214843750000000e+02 6.900000000000000000e+01
1.652502000000000066e+02 2.929409790039062500e+02 3.000000000000000000e+01
1.655868000000000109e+02 2.940503234863281250e+02 7.400000000000000000e+01
1.655868000000000109e+02 2.931396484375000000e+02 2.800000000000000000e+01
1.655868000000000109e+02 2.930620422363281250e+02 2.600000000000000000e+01
1.659227999999999952e+02 2.921171569824218750e+02 6.100000000000000000e+01
1.659227999999999952e+02 2.940557250976562500e+02 4.300000000000000000e+01
1.659227999999999952e+02 2.930236816406250000e+02 2.600000000000000000e+01
1.662599999999999909e+02 2.931563415527343750e+02 4.800000000000000000e+01
1.662599999999999909e+02 2.921384582519531250e+02 4.700000000000000000e+01
1.662599999999999909e+02 2.940561828613281250e+02 4.500000000000000000e+01
1.662599999999999909e+02 2.924916687011718750e+02 2.200000000000000000e+01
1.665971999999999866e+02 2.926477966308593750e+02 3.200000000000000000e+01
1.665971999999999866e+02 2.940272827148437500e+02 3.200000000000000000e+01
1.665971999999999866e+02 2.925313415527343750e+02 2.400000000000000000e+01
1.669337999999999909e+02 2.940065917968750000e+02 4.800000000000000000e+01
1.669337999999999909e+02 2.931092834472656250e+02 2.300000000000000000e+01
1.672709999999999866e+02 2.931682434082031250e+02 4.000000000000000000e+01
1.672709999999999866e+02 2.940579528808593750e+02 3.900000000000000000e+01
1.672709999999999866e+02 2.929853820800781250e+02 3.000000000000000000e+01
1.672709999999999866e+02 2.920987243652343750e+02 2.600000000000000000e+01
1.672709999999999866e+02 2.922471923828125000e+02 2.100000000000000000e+01
1.676069999999999993e+02 2.931560974121093750e+02 4.200000000000000000e+01
1.676069999999999993e+02 2.925595092773437500e+02 3.100000000000000000e+01
1.676069999999999993e+02 2.940060424804687500e+02 2.300000000000000000e+01
1.679441999999999950e+02 2.921040039062500000e+02 4.500000000000000000e+01
1.679441999999999950e+02 2.940630187988281250e+02 3.200000000000000000e+01
1.679441999999999950e+02 2.931521301269531250e+02 3.000000000000000000e+01
1.679441999999999950e+02 2.927038574218750000e+02 2.400000000000000000e+01
1.682807999999999993e+02 2.921180725097656250e+02 5.100000000000000000e+01
1.682807999999999993e+02 2.931674804687500000e+02 2.300000000000000000e+01
1.686179999999999950e+02 2.921046142578125000e+02 4.100000000000000000e+01
1.686179999999999950e+02 2.931055297851562500e+02 3.500000000000000000e+01
1.686179999999999950e+02 2.921944885253906250e+02 3.300000000000000000e+01
1.689558000000000106e+02 2.921125488281250000e+02 3.400000000000000000e+01
1.689558000000000106e+02 2.931022644042968750e+02 2.300000000000000000e+01
1.692930000000000064e+02 2.931073608398437500e+02 4.700000000000000000e+01
1.692930000000000064e+02 2.940148620605468750e+02 2.500000000000000000e+01
1.696289999999999907e+02 2.921173095703125000e+02 4.100000000000000000e+01
1.696289999999999907e+02 2.930292053222656250e+02 2.800000000000000000e+01
1.699661999999999864e+02 2.930854187011718750e+02 2.700000000000000000e+01
1.699661999999999864e+02 2.926407470703125000e+02 2.300000000000000000e+01
1.699661999999999864e+02 2.935760498046875000e+02 2.100000000000000000e+01
1.703027999999999906e+02 2.921413574218750000e+02 5.100000000000000000e+01
1.703027999999999906e+02 2.930466308593750000e+02 2.800000000000000000e+01
1.703027999999999906e+02 2.931576538085937500e+02 2.300000000000000000e+01
1.703027999999999906e+02 2.938038330078125000e+02 2.200000000000000000e+01
1.706399999999999864e+02 2.930691528320312500e+02 3.500000000000000000e+01
1.706399999999999864e+02 2.926430358886718750e+02 2.300000000000000000e+01
1.709772000000000105e+02 2.931219482421875000e+02 4.000000000000000000e+01
1.713131999999999948e+02 2.930218505859375000e+02 4.800000000000000000e+01
1.713131999999999948e+02 2.921159973144531250e+02 2.900000000000000000e+01
1.713131999999999948e+02 2.940365905761718750e+02 2.300000000000000000e+01
1.716497999999999990e+02 2.921193847656250000e+02 4.800000000000000000e+01
1.719869999999999948e+02 2.930727539062500000e+02 5.100000000000000000e+01
1.719869999999999948e+02 2.935494995117187500e+02 2.400000000000000000e+01
1.719869999999999948e+02 2.924518127441406250e+02 2.200000000000000000e+01
1.719869999999999948e+02 2.940134277343750000e+02 2.100000000000000000e+01
1.723241999999999905e+02 2.940899658203125000e+02 4.000000000000000000e+01
1.726607999999999947e+02 2.930555114746093750e+02 3.600000000000000000e+01
1.726607999999999947e+02 2.925590820312500000e+02 2.300000000000000000e+01
1.729992000000000019e+02 2.930700378417968750e+02 4.300000000000000000e+01
1.729992000000000019e+02 2.929962463378906250e+02 2.900000000000000000e+01
1.729992000000000019e+02 2.939892578125000000e+02 2.100000000000000000e+01
1.733358000000000061e+02 2.930697937011718750e+02 5.300000000000000000e+01
1.733358000000000061e+02 2.940721130371093750e+02 3.300000000000000000e+01
1.736730000000000018e+02 2.929869689941406250e+02 2.700000000000000000e+01
1.740101999999999975e+02 2.930396118164062500e+02 5.700000000000000000e+01
1.740101999999999975e+02 2.920997314453125000e+02 2.900000000000000000e+01
1.740101999999999975e+02 2.940151367187500000e+02 2.100000000000000000e+01
1.743468000000000018e+02 2.930930786132812500e+02 5.300000000000000000e+01
1.743468000000000018e+02 2.936551818847656250e+02 2.300000000000000000e+01
1.746839999999999975e+02 2.930672302246093750e+02 5.100000000000000000e+01
1.746839999999999975e+02 2.921002502441406250e+02 4.400000000000000000e+01
1.746839999999999975e+02 2.940862121582031250e+02 2.400000000000000000e+01
1.750211999999999932e+02 2.921208190917968750e+02 4.400000000000000000e+01
1.750211999999999932e+02 2.936746215820312500e+02 4.400000000000000000e+01
1.750211999999999932e+02 2.930883483886718750e+02 4.100000000000000000e+01
1.750211999999999932e+02 2.940363159179687500e+02 4.000000000000000000e+01
1.753577999999999975e+02 2.930816040039062500e+02 5.900000000000000000e+01
1.753577999999999975e+02 2.939911193847656250e+02 2.800000000000000000e+01
1.756949999999999932e+02 2.921415405273437500e+02 5.800000000000000000e+01
1.756949999999999932e+02 2.931557006835937500e+02 3.800000000000000000e+01
1.756949999999999932e+02 2.930343322753906250e+02 3.600000000000000000e+01
1.756949999999999932e+02 2.925974731445312500e+02 3.500000000000000000e+01
1.760321999999999889e+02 2.930906066894531250e+02 8.200000000000000000e+01
1.760321999999999889e+02 2.920977478027343750e+02 4.100000000000000000e+01
1.763682000000000016e+02 2.930330200195312500e+02 4.800000000000000000e+01
1.767048000000000059e+02 2.930766296386718750e+02 7.500000000000000000e+01
1.767048000000000059e+02 2.926290893554687500e+02 3.500000000000000000e+01
1.767048000000000059e+02 2.924972839355468750e+02 2.800000000000000000e+01
1.767048000000000059e+02 2.940442199707031250e+02 2.200000000000000000e+01
1.770420000000000016e+02 2.925431213378906250e+02 5.000000000000000000e+01
1.770420000000000016e+02 2.930968627929687500e+02 4.700000000000000000e+01
1.770420000000000016e+02 2.940251159667968750e+02 3.100000000000000000e+01
1.773791999999999973e+02 2.930759887695312500e+02 6.300000000000000000e+01
1.773791999999999973e+02 2.935339050292968750e+02 2.800000000000000000e+01
1.777158000000000015e+02 2.930896301269531250e+02 5.400000000000000000e+01
1.777158000000000015e+02 2.935816040039062500e+02 2.300000000000000000e+01
1.780517999999999859e+02 2.931109619140625000e+02 8.200000000000000000e+01
1.780517999999999859e+02 2.926281738281250000e+02 3.300000000000000000e+01
1.783890000000000100e+02 2.930846557617187500e+02 6.100000000000000000e+01
1.783890000000000100e+02 2.921119079589843750e+02 4.200000000000000000e+01
1.787262000000000057e+02 2.930798034667968750e+02 3.200000000000000000e+01
1.787262000000000057e+02 2.921238098144531250e+02 2.700000000000000000e+01
1.790628000000000100e+02 2.930586853027343750e+02 6.100000000000000000e+01
1.794000000000000057e+02 2.940965881347656250e+02 3.900000000000000000e+01
1.794000000000000057e+02 2.930412902832031250e+02 3.000000000000000000e+01
1.794000000000000057e+02 2.931302795410156250e+02 2.600000000000000000e+01
1.797359999999999900e+02 2.921156005859375000e+02 5.800000000000000000e+01
1.797359999999999900e+02 2.930968933105468750e+02 3.500000000000000000e+01
1.800732000000000141e+02 2.931018371582031250e+02 6.100000000000000000e+01
1.800732000000000141e+02 2.929782104492187500e+02 3.300000000000000000e+01
1.800732000000000141e+02 2.940507202148437500e+02 2.100000000000000000e+01
1.804097999999999900e+02 2.930911560058593750e+02 8.500000000000000000e+01
1.804097999999999900e+02 2.921056518554687500e+02 3.700000000000000000e+01
1.807470000000000141e+02 2.931026000976562500e+02 4.700000000000000000e+01
1.807470000000000141e+02 2.921170959472656250e+02 4.400000000000000000e+01
1.807470000000000141e+02 2.940966796875000000e+02 3.600000000000000000e+01
1.810842000000000098e+02 2.930925598144531250e+02 5.400000000000000000e+01
1.810842000000000098e+02 2.940845947265625000e+02 4.800000000000000000e+01
1.814201999999999941e+02 2.931122131347656250e+02 3.700000000000000000e+01
1.814201999999999941e+02 2.938262634277343750e+02 2.400000000000000000e+01
1.814201999999999941e+02 2.925379638671875000e+02 2.200000000000000000e+01
1.817580000000000098e+02 2.930854187011718750e+02 9.300000000000000000e+01
1.817580000000000098e+02 2.921011657714843750e+02 5.600000000000000000e+01
1.817580000000000098e+02 2.928452148437500000e+02 3.200000000000000000e+01
1.820952000000000055e+02 2.921273803710937500e+02 5.200000000000000000e+01
1.820952000000000055e+02 2.930871276855468750e+02 4.900000000000000000e+01
1.820952000000000055e+02 2.935406188964843750e+02 3.300000000000000000e+01
1.824318000000000097e+02 2.930886230468750000e+02 9.900000000000000000e+01
1.824318000000000097e+02 2.940722351074218750e+02 3.600000000000000000e+01
1.824318000000000097e+02 2.921006164550781250e+02 2.800000000000000000e+01
1.827677999999999940e+02 2.926577453613281250e+02 2.500000000000000000e+01
1.831067999999999927e+02 2.930907897949218750e+02 8.100000000000000000e+01
1.831067999999999927e+02 2.940749206542968750e+02 2.800000000000000000e+01
1.834439999999999884e+02 2.940697326660156250e+02 7.800000000000000000e+01
1.834439999999999884e+02 2.921214294433593750e+02 5.300000000000000000e+01
1.834439999999999884e+02 2.930802307128906250e+02 4.300000000000000000e+01
1.834439999999999884e+02 2.939838256835937500e+02 2.400000000000000000e+01
1.837800000000000011e+02 2.930928955078125000e+02 5.600000000000000000e+01
1.837800000000000011e+02 2.940299377441406250e+02 3.200000000000000000e+01
1.841171999999999969e+02 2.921182556152343750e+02 3.600000000000000000e+01
1.841171999999999969e+02 2.930821533203125000e+02 3.500000000000000000e+01
1.844538000000000011e+02 2.930851745605468750e+02 8.900000000000000000e+01
1.847909999999999968e+02 2.931391601562500000e+02 4.600000000000000000e+01
1.847909999999999968e+02 2.940950927734375000e+02 3.500000000000000000e+01
1.847909999999999968e+02 2.935406799316406250e+02 2.200000000000000000e+01
1.851281999999999925e+02 2.930568237304687500e+02 3.700000000000000000e+01
1.851281999999999925e+02 2.921114807128906250e+02 3.500000000000000000e+01
1.851281999999999925e+02 2.939533996582031250e+02 2.700000000000000000e+01
1.854642000000000053e+02 2.940841979980468750e+02 3.500000000000000000e+01
1.854642000000000053e+02 2.930635986328125000e+02 3.300000000000000000e+01
1.854642000000000053e+02 2.929894409179687500e+02 2.500000000000000000e+01
1.854642000000000053e+02 2.925454101562500000e+02 2.200000000000000000e+01
1.858008000000000095e+02 2.930959167480468750e+02 3.600000000000000000e+01
1.858008000000000095e+02 2.940650634765625000e+02 2.600000000000000000e+01
1.858008000000000095e+02 2.925660095214843750e+02 2.200000000000000000e+01
1.861380000000000052e+02 2.930800476074218750e+02 8.100000000000000000e+01
1.861380000000000052e+02 2.921218261718750000e+02 5.200000000000000000e+01
1.861380000000000052e+02 2.940823364257812500e+02 3.700000000000000000e+01
1.864752000000000010e+02 2.930302429199218750e+02 3.100000000000000000e+01
1.868118000000000052e+02 2.930740661621093750e+02 3.000000000000000000e+01
1.868118000000000052e+02 2.921360473632812500e+02 2.600000000000000000e+01
1.871477999999999895e+02 2.931002197265625000e+02 5.600000000000000000e+01
1.871477999999999895e+02 2.940827636718750000e+02 3.400000000000000000e+01
1.874850000000000136e+02 2.940631713867187500e+02 7.300000000000000000e+01
1.874850000000000136e+02 2.931164550781250000e+02 4.000000000000000000e+01
1.878222000000000094e+02 2.940491027832031250e+02 2.500000000000000000e+01
1.881588000000000136e+02 2.940644226074218750e+02 5.800000000000000000e+01
1.881588000000000136e+02 2.926463928222656250e+02 3.900000000000000000e+01
1.881588000000000136e+02 2.931287231445312500e+02 2.600000000000000000e+01
1.884960000000000093e+02 2.920987854003906250e+02 4.900000000000000000e+01
1.884960000000000093e+02 2.925379638671875000e+02 2.100000000000000000e+01
1.884960000000000093e+02 2.931356201171875000e+02 2.100000000000000000e+01
1.888319999999999936e+02 2.931256408691406250e+02 3.500000000000000000e+01
1.888319999999999936e+02 2.935607910156250000e+02 2.800000000000000000e+01
1.891691999999999894e+02 2.940730285644531250e+02 4.400000000000000000e+01
1.891691999999999894e+02 2.931026916503906250e+02 2.100000000000000000e+01
1.895057999999999936e+02 2.940847473144531250e+02 5.300000000000000000e+01
1.895057999999999936e+02 2.931138000488281250e+02 5.300000000000000000e+01
1.895057999999999936e+02 2.935581359863281250e+02 2.200000000000000000e+01
1.898429999999999893e+02 2.921148986816406250e+02 4.000000000000000000e+01
1.898429999999999893e+02 2.930560913085937500e+02 3.000000000000000000e+01
1.901802000000000135e+02 2.930996093750000000e+02 5.500000000000000000e+01
1.905161999999999978e+02 2.930906982421875000e+02 2.800000000000000000e+01
1.905161999999999978e+02 2.926660156250000000e+02 2.200000000000000000e+01
1.908528000000000020e+02 2.930966796875000000e+02 3.300000000000000000e+01
1.911899999999999977e+02 2.931185607910156250e+02 7.200000000000000000e+01
1.911899999999999977e+02 2.940796813964843750e+02 3.300000000000000000e+01
1.911899999999999977e+02 2.921058654785156250e+02 2.100000000000000000e+01
1.915271999999999935e+02 2.924479675292968750e+02 3.900000000000000000e+01
1.915271999999999935e+02 2.940790710449218750e+02 2.800000000000000000e+01
1.915271999999999935e+02 2.931329040527343750e+02 2.600000000000000000e+01
1.915271999999999935e+02 2.930498657226562500e+02 2.500000000000000000e+01
1.915271999999999935e+02 2.926610412597656250e+02 2.300000000000000000e+01
