1.703027999999999906e+02 6.861154174804687500e+02 2.700000000000000000e+01
1.703027999999999906e+02 6.855822143554687500e+02 2.100000000000000000e+01
1.709772000000000105e+02 6.852508544921875000e+02 2.600000000000000000e+01
1.719869999999999948e+02 6.860039672851562500e+02 4.400000000000000000e+01
1.723241999999999905e+02 6.863169555664062500e+02 3.200000000000000000e+01
1.723241999999999905e+02 6.854380493164062500e+02 2.300000000000000000e+01
1.726607999999999947e+02 6.871953735351562500e+02 2.300000000000000000e+01
1.733358000000000061e+02 6.853275146484375000e+02 2.200000000000000000e+01
1.736730000000000018e+02 6.867609863281250000e+02 2.600000000000000000e+01
1.740101999999999975e+02 6.861963500976562500e+02 2.100000000000000000e+01
1.746839999999999975e+02 6.861892089843750000e+02 3.300000000000000000e+01
1.746839999999999975e+02 6.870043334960937500e+02 2.400000000000000000e+01
1.750211999999999932e+02 6.856725463867187500e+02 2.600000000000000000e+01
1.750211999999999932e+02 6.861453247070312500e+02 2.400000000000000000e+01
1.753577999999999975e+02 6.862312622070312500e+02 2.100000000000000000e+01
1.756949999999999932e+02 6.870603027343750000e+02 2.300000000000000000e+01
1.760321999999999889e+02 6.861157836914062500e+02 2.200000000000000000e+01
1.767048000000000059e+02 6.860603637695312500e+02 4.400000000000000000e+01
1.767048000000000059e+02 6.862277221679687500e+02 2.700000000000000000e+01
1.770420000000000016e+02 6.870184326171875000e+02 3.300000000000000000e+01
1.770420000000000016e+02 6.862125244140625000e+02 2.400000000000000000e+01
1.780517999999999859e+02 6.862141113281250000e+02 2.200000000000000000e+01
1.783890000000000100e+02 6.870957641601562500e+02 2.700000000000000000e+01
1.787262000000000057e+02 6.870898437500000000e+02 2.300000000000000000e+01
1.800732000000000141e+02 6.861184082031250000e+02 3.900000000000000000e+01
1.807470000000000141e+02 6.870367431640625000e+02 2.800000000000000000e+01
1.820952000000000055e+02 6.871596069335937500e+02 2.300000000000000000e+01
1.824318000000000097e+02 6.859960937500000000e+02 4.800000000000000000e+01
1.824318000000000097e+02 6.871687011718750000e+02 2.500000000000000000e+01
1.841171999999999969e+02 6.853217773437500000e+02 2.200000000000000000e+01
1.851281999999999925e+02 6.862086181640625000e+02 2.200000000000000000e+01
1.854642000000000053e+02 6.871777343750000000e+02 2.500000000000000000e+01
1.874850000000000136e+02 6.859634399414062500e+02 3.000000000000000000e+01
1.881588000000000136e+02 6.861949462890625000e+02 3.100000000000000000e+01
1.888319999999999936e+02 6.854561767578125000e+02 2.900000000000000000e+01
1.891691999999999894e+02 6.871501464843750000e+02 2.500000000000000000e+01
1.901802000000000135e+02 6.871109619140625000e+02 2.400000000000000000e+01
1.901802000000000135e+02 6.861459350585937500e+02 2.300000000000000000e+01
1.908528000000000020e+02 6.870031738281250000e+02 2.100000000000000000e+01
1.908528000000000020e+02 6.859671020507812500e+02 2.100000000000000000e+01
1.915271999999999935e+02 6.862064208984375000e+02 2.100000000000000000e+01
1.925381999999999891e+02 6.870095825195312500e+02 2.200000000000000000e+01
1.928747999999999934e+02 6.858894042968750000e+02 2.500000000000000000e+01
1.932137999999999920e+02 6.854796142578125000e+02 3.000000000000000000e+01
1.932137999999999920e+02 6.869715576171875000e+02 2.200000000000000000e+01
1.935498000000000047e+02 6.863145751953125000e+02 2.600000000000000000e+01
1.945608000000000004e+02 6.860852050781250000e+02 2.600000000000000000e+01
1.948979999999999961e+02 6.861729736328125000e+02 3.500000000000000000e+01
1.948979999999999961e+02 6.859451904296875000e+02 2.400000000000000000e+01
1.948979999999999961e+02 6.871277465820312500e+02 2.100000000000000000e+01
1.959078000000000088e+02 6.852512207031250000e+02 2.100000000000000000e+01
1.965809999999999889e+02 6.870046997070312500e+02 2.100000000000000000e+01
1.969182000000000130e+02 6.862137451171875000e+02 2.200000000000000000e+01
1.969182000000000130e+02 6.864108886718750000e+02 2.200000000000000000e+01
1.972547999999999888e+02 6.863464355468750000e+02 2.800000000000000000e+01
1.979292000000000087e+02 6.861508178710937500e+02 2.100000000000000000e+01
1.982658000000000129e+02 6.862716064453125000e+02 2.800000000000000000e+01
1.982658000000000129e+02 6.870923461914062500e+02 2.700000000000000000e+01
1.982658000000000129e+02 6.860350952148437500e+02 2.100000000000000000e+01
1.982658000000000129e+02 6.852581787109375000e+02 2.100000000000000000e+01
1.986017999999999972e+02 6.866687011718750000e+02 2.300000000000000000e+01
1.989389999999999930e+02 6.863591918945312500e+02 3.700000000000000000e+01
1.992761999999999887e+02 6.863463745117187500e+02 2.800000000000000000e+01
1.996127999999999929e+02 6.863482666015625000e+02 3.900000000000000000e+01
1.996127999999999929e+02 6.862241210937500000e+02 2.400000000000000000e+01
