1.733358000000000061e+02 1.150529785156250000e+02 1.060000000000000000e+02
1.733358000000000061e+02 1.141038894653320312e+02 2.100000000000000000e+01
1.736730000000000018e+02 1.150536880493164062e+02 9.300000000000000000e+01
1.736730000000000018e+02 1.140925827026367188e+02 4.000000000000000000e+01
1.740101999999999975e+02 1.150531387329101562e+02 6.300000000000000000e+01
1.743468000000000018e+02 1.150547866821289062e+02 7.000000000000000000e+01
1.743468000000000018e+02 1.140925369262695312e+02 4.000000000000000000e+01
1.746839999999999975e+02 1.150554428100585938e+02 5.800000000000000000e+01
1.750211999999999932e+02 1.150582504272460938e+02 6.700000000000000000e+01
1.750211999999999932e+02 1.140927047729492188e+02 2.700000000000000000e+01
1.753577999999999975e+02 1.150498275756835938e+02 5.700000000000000000e+01
1.756949999999999932e+02 1.150550994873046875e+02 4.000000000000000000e+01
1.756949999999999932e+02 1.147800598144531250e+02 2.700000000000000000e+01
1.760321999999999889e+02 1.150537490844726562e+02 2.600000000000000000e+01
1.763682000000000016e+02 1.140884246826171875e+02 4.500000000000000000e+01
1.767048000000000059e+02 1.150379257202148438e+02 2.700000000000000000e+01
1.770420000000000016e+02 1.150373916625976562e+02 3.300000000000000000e+01
1.770420000000000016e+02 1.140936279296875000e+02 2.800000000000000000e+01
1.783890000000000100e+02 1.150529403686523438e+02 3.000000000000000000e+01
1.794000000000000057e+02 1.150386505126953125e+02 2.300000000000000000e+01
1.797359999999999900e+02 1.140368957519531250e+02 2.100000000000000000e+01
1.804097999999999900e+02 1.150537261962890625e+02 3.000000000000000000e+01
1.810842000000000098e+02 1.150586166381835938e+02 3.100000000000000000e+01
1.820952000000000055e+02 1.150452499389648438e+02 3.300000000000000000e+01
1.827677999999999940e+02 1.139652481079101562e+02 2.600000000000000000e+01
1.831067999999999927e+02 1.150532150268554688e+02 3.100000000000000000e+01
1.834439999999999884e+02 1.150544204711914062e+02 3.100000000000000000e+01
1.837800000000000011e+02 1.140897293090820312e+02 3.500000000000000000e+01
1.841171999999999969e+02 1.150586853027343750e+02 2.200000000000000000e+01
1.844538000000000011e+02 1.150538482666015625e+02 3.000000000000000000e+01
1.864752000000000010e+02 1.135317306518554688e+02 2.700000000000000000e+01
1.868118000000000052e+02 1.140306320190429688e+02 2.400000000000000000e+01
1.881588000000000136e+02 1.140926666259765625e+02 2.300000000000000000e+01
1.901802000000000135e+02 1.149771652221679688e+02 2.100000000000000000e+01
1.918650000000000091e+02 1.140886840820312500e+02 2.200000000000000000e+01
1.932137999999999920e+02 1.150576019287109375e+02 2.100000000000000000e+01
1.935498000000000047e+02 1.150131530761718750e+02 2.500000000000000000e+01
1.938870000000000005e+02 1.141047744750976562e+02 4.400000000000000000e+01
1.942241999999999962e+02 1.141023864746093750e+02 4.200000000000000000e+01
1.942241999999999962e+02 1.150891571044921875e+02 3.800000000000000000e+01
1.942241999999999962e+02 1.140033493041992188e+02 2.100000000000000000e+01
1.945608000000000004e+02 1.140999374389648438e+02 5.500000000000000000e+01
1.948979999999999961e+02 1.141008987426757812e+02 6.500000000000000000e+01
1.952340000000000089e+02 1.141030578613281250e+02 7.800000000000000000e+01
1.955712000000000046e+02 1.141008148193359375e+02 3.900000000000000000e+01
1.965809999999999889e+02 1.141035232543945312e+02 5.500000000000000000e+01
1.969182000000000130e+02 1.141067123413085938e+02 2.800000000000000000e+01
1.975920000000000130e+02 1.140956954956054688e+02 3.900000000000000000e+01
1.979292000000000087e+02 1.141039581298828125e+02 4.300000000000000000e+01
1.979292000000000087e+02 1.150422592163085938e+02 2.100000000000000000e+01
1.982658000000000129e+02 1.141025695800781250e+02 2.600000000000000000e+01
1.986017999999999972e+02 1.150369110107421875e+02 3.300000000000000000e+01
2.016330000000000098e+02 1.139626083374023438e+02 2.300000000000000000e+01
2.023068000000000097e+02 1.150249176025390625e+02 2.100000000000000000e+01
