1.750211999999999932e+02 6.551555175781250000e+02 3.900000000000000000e+01
1.750211999999999932e+02 6.566403198242187500e+02 2.500000000000000000e+01
1.753577999999999975e+02 6.552218627929687500e+02 2.800000000000000000e+01
1.753577999999999975e+02 6.556304931640625000e+02 2.800000000000000000e+01
1.760321999999999889e+02 6.552560424804687500e+02 5.000000000000000000e+01
1.763682000000000016e+02 6.551808471679687500e+02 2.500000000000000000e+01
1.763682000000000016e+02 6.561979980468750000e+02 2.300000000000000000e+01
1.767048000000000059e+02 6.551821289062500000e+02 2.200000000000000000e+01
1.770420000000000016e+02 6.551715087890625000e+02 4.300000000000000000e+01
1.773791999999999973e+02 6.551471557617187500e+02 4.500000000000000000e+01
1.777158000000000015e+02 6.552865600585937500e+02 3.200000000000000000e+01
1.780517999999999859e+02 6.552210693359375000e+02 3.100000000000000000e+01
1.780517999999999859e+02 6.566676635742187500e+02 2.200000000000000000e+01
1.783890000000000100e+02 6.562258911132812500e+02 2.700000000000000000e+01
1.783890000000000100e+02 6.552841796875000000e+02 2.300000000000000000e+01
1.787262000000000057e+02 6.551762695312500000e+02 3.600000000000000000e+01
1.787262000000000057e+02 6.570681762695312500e+02 3.000000000000000000e+01
1.787262000000000057e+02 6.555662841796875000e+02 2.600000000000000000e+01
1.790628000000000100e+02 6.560458984375000000e+02 2.400000000000000000e+01
1.794000000000000057e+02 6.555722656250000000e+02 2.500000000000000000e+01
1.794000000000000057e+02 6.562088012695312500e+02 2.300000000000000000e+01
1.797359999999999900e+02 6.559368896484375000e+02 3.500000000000000000e+01
1.807470000000000141e+02 6.562277832031250000e+02 3.000000000000000000e+01
1.807470000000000141e+02 6.570775756835937500e+02 2.300000000000000000e+01
1.810842000000000098e+02 6.560952758789062500e+02 2.100000000000000000e+01
1.814201999999999941e+02 6.562819213867187500e+02 2.400000000000000000e+01
1.817580000000000098e+02 6.561774902343750000e+02 2.400000000000000000e+01
1.820952000000000055e+02 6.552938842773437500e+02 2.500000000000000000e+01
1.824318000000000097e+02 6.551693725585937500e+02 3.100000000000000000e+01
1.827677999999999940e+02 6.566945800781250000e+02 2.600000000000000000e+01
1.831067999999999927e+02 6.553043823242187500e+02 2.700000000000000000e+01
1.831067999999999927e+02 6.570422363281250000e+02 2.600000000000000000e+01
1.841171999999999969e+02 6.551790771484375000e+02 2.500000000000000000e+01
1.841171999999999969e+02 6.556990966796875000e+02 2.300000000000000000e+01
1.847909999999999968e+02 6.551862182617187500e+02 2.600000000000000000e+01
1.854642000000000053e+02 6.570637817382812500e+02 3.400000000000000000e+01
1.858008000000000095e+02 6.551665039062500000e+02 3.000000000000000000e+01
1.861380000000000052e+02 6.570559692382812500e+02 3.400000000000000000e+01
1.864752000000000010e+02 6.559581909179687500e+02 2.300000000000000000e+01
1.871477999999999895e+02 6.560205078125000000e+02 2.600000000000000000e+01
1.874850000000000136e+02 6.562666015625000000e+02 3.100000000000000000e+01
1.874850000000000136e+02 6.569575195312500000e+02 2.300000000000000000e+01
1.878222000000000094e+02 6.570433959960937500e+02 3.000000000000000000e+01
1.888319999999999936e+02 6.571021728515625000e+02 2.100000000000000000e+01
1.898429999999999893e+02 6.559603271484375000e+02 2.200000000000000000e+01
1.898429999999999893e+02 6.561251220703125000e+02 2.200000000000000000e+01
1.922022000000000048e+02 6.555664672851562500e+02 2.400000000000000000e+01
1.922022000000000048e+02 6.570361328125000000e+02 2.200000000000000000e+01
1.928747999999999934e+02 6.562387695312500000e+02 2.600000000000000000e+01
1.928747999999999934e+02 6.556047973632812500e+02 2.400000000000000000e+01
1.942241999999999962e+02 6.560449829101562500e+02 2.800000000000000000e+01
1.942241999999999962e+02 6.562946166992187500e+02 2.400000000000000000e+01
1.952340000000000089e+02 6.552998657226562500e+02 3.500000000000000000e+01
1.952340000000000089e+02 6.558782348632812500e+02 2.500000000000000000e+01
1.955712000000000046e+02 6.551882324218750000e+02 4.400000000000000000e+01
1.959078000000000088e+02 6.551541137695312500e+02 4.300000000000000000e+01
1.965809999999999889e+02 6.556446533203125000e+02 2.100000000000000000e+01
1.972547999999999888e+02 6.562312011718750000e+02 2.800000000000000000e+01
1.975920000000000130e+02 6.552158203125000000e+02 3.600000000000000000e+01
1.975920000000000130e+02 6.566596679687500000e+02 2.200000000000000000e+01
1.979292000000000087e+02 6.552277221679687500e+02 2.400000000000000000e+01
1.982658000000000129e+02 6.558843994140625000e+02 2.100000000000000000e+01
1.986017999999999972e+02 6.570628662109375000e+02 2.200000000000000000e+01
1.992761999999999887e+02 6.551822509765625000e+02 3.400000000000000000e+01
1.992761999999999887e+02 6.561617431640625000e+02 2.300000000000000000e+01
1.996127999999999929e+02 6.551622924804687500e+02 3.500000000000000000e+01
1.996127999999999929e+02 6.562142944335937500e+02 3.100000000000000000e+01
1.999499999999999886e+02 6.551378173828125000e+02 4.000000000000000000e+01
2.002860000000000014e+02 6.556113891601562500e+02 2.600000000000000000e+01
2.006231999999999971e+02 6.562307739257812500e+02 3.000000000000000000e+01
2.006231999999999971e+02 6.560681152343750000e+02 2.100000000000000000e+01
2.009598000000000013e+02 6.560551757812500000e+02 2.300000000000000000e+01
2.016330000000000098e+02 6.551827392578125000e+02 3.900000000000000000e+01
2.023068000000000097e+02 6.568275146484375000e+02 2.900000000000000000e+01
2.023068000000000097e+02 6.561856689453125000e+02 2.600000000000000000e+01
2.023068000000000097e+02 6.566011352539062500e+02 2.100000000000000000e+01
2.026440000000000055e+02 6.567701416015625000e+02 2.900000000000000000e+01
2.033189999999999884e+02 6.556796875000000000e+02 2.100000000000000000e+01
2.043288000000000011e+02 6.551827392578125000e+02 2.600000000000000000e+01
