1.800732000000000141e+02 6.761475830078125000e+02 2.800000000000000000e+01
1.800732000000000141e+02 6.771431884765625000e+02 2.200000000000000000e+01
1.804097999999999900e+02 6.771409912109375000e+02 3.500000000000000000e+01
1.807470000000000141e+02 6.771385498046875000e+02 3.900000000000000000e+01
1.814201999999999941e+02 6.771159667968750000e+02 2.800000000000000000e+01
1.817580000000000098e+02 6.753273925781250000e+02 2.700000000000000000e+01
1.817580000000000098e+02 6.771151733398437500e+02 2.600000000000000000e+01
1.820952000000000055e+02 6.771036987304687500e+02 3.200000000000000000e+01
1.820952000000000055e+02 6.761699218750000000e+02 2.100000000000000000e+01
1.827677999999999940e+02 6.761301879882812500e+02 2.700000000000000000e+01
1.834439999999999884e+02 6.761879272460937500e+02 2.900000000000000000e+01
1.837800000000000011e+02 6.770734252929687500e+02 2.700000000000000000e+01
1.841171999999999969e+02 6.770521850585937500e+02 3.400000000000000000e+01
1.844538000000000011e+02 6.761083374023437500e+02 3.000000000000000000e+01
1.844538000000000011e+02 6.771259155273437500e+02 2.500000000000000000e+01
1.847909999999999968e+02 6.768911132812500000e+02 2.200000000000000000e+01
1.847909999999999968e+02 6.771073608398437500e+02 2.100000000000000000e+01
1.851281999999999925e+02 6.771683959960937500e+02 2.100000000000000000e+01
1.854642000000000053e+02 6.770939941406250000e+02 2.100000000000000000e+01
1.861380000000000052e+02 6.755809326171875000e+02 2.700000000000000000e+01
1.864752000000000010e+02 6.761637573242187500e+02 2.600000000000000000e+01
1.871477999999999895e+02 6.767608032226562500e+02 2.100000000000000000e+01
1.881588000000000136e+02 6.771763305664062500e+02 5.100000000000000000e+01
1.881588000000000136e+02 6.760693969726562500e+02 2.100000000000000000e+01
1.891691999999999894e+02 6.754196166992187500e+02 2.500000000000000000e+01
1.891691999999999894e+02 6.771594848632812500e+02 2.200000000000000000e+01
1.891691999999999894e+02 6.761990356445312500e+02 2.100000000000000000e+01
1.895057999999999936e+02 6.761711425781250000e+02 2.900000000000000000e+01
1.898429999999999893e+02 6.770548095703125000e+02 2.300000000000000000e+01
1.901802000000000135e+02 6.756011962890625000e+02 2.100000000000000000e+01
1.908528000000000020e+02 6.763271484375000000e+02 2.800000000000000000e+01
1.908528000000000020e+02 6.770398559570312500e+02 2.400000000000000000e+01
1.911899999999999977e+02 6.765475463867187500e+02 3.000000000000000000e+01
1.915271999999999935e+02 6.762930908203125000e+02 2.300000000000000000e+01
1.925381999999999891e+02 6.762973632812500000e+02 3.300000000000000000e+01
1.928747999999999934e+02 6.761558837890625000e+02 2.300000000000000000e+01
1.932137999999999920e+02 6.761455688476562500e+02 2.200000000000000000e+01
1.932137999999999920e+02 6.763295288085937500e+02 2.100000000000000000e+01
1.935498000000000047e+02 6.762571411132812500e+02 3.200000000000000000e+01
1.935498000000000047e+02 6.759031372070312500e+02 2.300000000000000000e+01
1.935498000000000047e+02 6.752382202148437500e+02 2.100000000000000000e+01
1.938870000000000005e+02 6.765566406250000000e+02 2.100000000000000000e+01
1.948979999999999961e+02 6.762277832031250000e+02 2.500000000000000000e+01
1.959078000000000088e+02 6.760889282226562500e+02 4.000000000000000000e+01
1.975920000000000130e+02 6.765560913085937500e+02 2.200000000000000000e+01
1.982658000000000129e+02 6.762268676757812500e+02 3.300000000000000000e+01
1.982658000000000129e+02 6.771637573242187500e+02 2.700000000000000000e+01
1.989389999999999930e+02 6.770440063476562500e+02 2.200000000000000000e+01
1.992761999999999887e+02 6.752485961914062500e+02 3.800000000000000000e+01
2.002860000000000014e+02 6.765647583007812500e+02 3.700000000000000000e+01
2.002860000000000014e+02 6.762262573242187500e+02 2.100000000000000000e+01
2.016330000000000098e+02 6.758566284179687500e+02 2.700000000000000000e+01
2.016330000000000098e+02 6.770126342773437500e+02 2.700000000000000000e+01
2.016330000000000098e+02 6.756045532226562500e+02 2.300000000000000000e+01
2.016330000000000098e+02 6.767622070312500000e+02 2.100000000000000000e+01
2.023068000000000097e+02 6.770349121093750000e+02 2.600000000000000000e+01
2.023068000000000097e+02 6.761357421875000000e+02 2.300000000000000000e+01
2.023068000000000097e+02 6.756038208007812500e+02 2.100000000000000000e+01
2.029812000000000012e+02 6.754322509765625000e+02 2.500000000000000000e+01
2.033189999999999884e+02 6.771146850585937500e+02 3.100000000000000000e+01
2.033189999999999884e+02 6.760655517578125000e+02 2.400000000000000000e+01
2.036562000000000126e+02 6.770916137695312500e+02 2.100000000000000000e+01
2.039927999999999884e+02 6.767331542968750000e+02 3.100000000000000000e+01
2.043288000000000011e+02 6.771036987304687500e+02 2.100000000000000000e+01
2.046659999999999968e+02 6.771956787109375000e+02 2.500000000000000000e+01
2.053397999999999968e+02 6.770569458007812500e+02 3.000000000000000000e+01
2.056758000000000095e+02 6.771834106445312500e+02 2.600000000000000000e+01
2.060130000000000052e+02 6.771046142578125000e+02 3.800000000000000000e+01
2.066868000000000052e+02 6.761978759765625000e+02 2.600000000000000000e+01
2.083739999999999952e+02 6.771668090820312500e+02 4.500000000000000000e+01
2.083739999999999952e+02 6.762955932617187500e+02 3.000000000000000000e+01
2.083739999999999952e+02 6.756506958007812500e+02 2.100000000000000000e+01
2.087111999999999910e+02 6.769456176757812500e+02 2.900000000000000000e+01
2.093838000000000079e+02 6.752636108398437500e+02 3.200000000000000000e+01
2.093838000000000079e+02 6.771878051757812500e+02 2.100000000000000000e+01
2.093838000000000079e+02 6.762769165039062500e+02 2.100000000000000000e+01
