1.841171999999999969e+02 6.770521850585937500e+02 3.400000000000000000e+01
1.844538000000000011e+02 6.761083374023437500e+02 3.000000000000000000e+01
1.844538000000000011e+02 6.771259155273437500e+02 2.500000000000000000e+01
1.847909999999999968e+02 6.768911132812500000e+02 2.200000000000000000e+01
1.847909999999999968e+02 6.771073608398437500e+02 2.100000000000000000e+01
1.851281999999999925e+02 6.771683959960937500e+02 2.100000000000000000e+01
1.854642000000000053e+02 6.776923828125000000e+02 2.300000000000000000e+01
1.854642000000000053e+02 6.770939941406250000e+02 2.100000000000000000e+01
1.864752000000000010e+02 6.761637573242187500e+02 2.600000000000000000e+01
1.871477999999999895e+02 6.775114746093750000e+02 2.800000000000000000e+01
1.871477999999999895e+02 6.767608032226562500e+02 2.100000000000000000e+01
1.881588000000000136e+02 6.771763305664062500e+02 5.100000000000000000e+01
1.881588000000000136e+02 6.760693969726562500e+02 2.100000000000000000e+01
1.884960000000000093e+02 6.780379638671875000e+02 2.400000000000000000e+01
1.891691999999999894e+02 6.771594848632812500e+02 2.200000000000000000e+01
1.891691999999999894e+02 6.761990356445312500e+02 2.100000000000000000e+01
1.895057999999999936e+02 6.761711425781250000e+02 2.900000000000000000e+01
1.898429999999999893e+02 6.770548095703125000e+02 2.300000000000000000e+01
1.908528000000000020e+02 6.763271484375000000e+02 2.800000000000000000e+01
1.908528000000000020e+02 6.770398559570312500e+02 2.400000000000000000e+01
1.908528000000000020e+02 6.773107910156250000e+02 2.300000000000000000e+01
1.911899999999999977e+02 6.765475463867187500e+02 3.000000000000000000e+01
1.915271999999999935e+02 6.762930908203125000e+02 2.300000000000000000e+01
1.925381999999999891e+02 6.762973632812500000e+02 3.300000000000000000e+01
1.928747999999999934e+02 6.761558837890625000e+02 2.300000000000000000e+01
1.932137999999999920e+02 6.761455688476562500e+02 2.200000000000000000e+01
1.932137999999999920e+02 6.763295288085937500e+02 2.100000000000000000e+01
1.935498000000000047e+02 6.762571411132812500e+02 3.200000000000000000e+01
1.935498000000000047e+02 6.777081909179687500e+02 2.500000000000000000e+01
1.938870000000000005e+02 6.765566406250000000e+02 2.100000000000000000e+01
1.948979999999999961e+02 6.762277832031250000e+02 2.500000000000000000e+01
1.959078000000000088e+02 6.760889282226562500e+02 4.000000000000000000e+01
1.959078000000000088e+02 6.778200073242187500e+02 2.500000000000000000e+01
1.975920000000000130e+02 6.775743408203125000e+02 2.300000000000000000e+01
1.975920000000000130e+02 6.765560913085937500e+02 2.200000000000000000e+01
1.979292000000000087e+02 6.772587890625000000e+02 2.600000000000000000e+01
1.982658000000000129e+02 6.762268676757812500e+02 3.300000000000000000e+01
1.982658000000000129e+02 6.775073852539062500e+02 2.700000000000000000e+01
1.982658000000000129e+02 6.771637573242187500e+02 2.700000000000000000e+01
1.989389999999999930e+02 6.770440063476562500e+02 2.200000000000000000e+01
1.992761999999999887e+02 6.772955322265625000e+02 3.400000000000000000e+01
2.002860000000000014e+02 6.765647583007812500e+02 3.700000000000000000e+01
2.002860000000000014e+02 6.762262573242187500e+02 2.100000000000000000e+01
2.006231999999999971e+02 6.774556884765625000e+02 2.300000000000000000e+01
2.012969999999999970e+02 6.774877929687500000e+02 2.900000000000000000e+01
2.016330000000000098e+02 6.772537231445312500e+02 4.400000000000000000e+01
2.016330000000000098e+02 6.770126342773437500e+02 2.700000000000000000e+01
2.016330000000000098e+02 6.767622070312500000e+02 2.100000000000000000e+01
2.023068000000000097e+02 6.772815551757812500e+02 3.200000000000000000e+01
2.023068000000000097e+02 6.776347045898437500e+02 3.100000000000000000e+01
2.023068000000000097e+02 6.770349121093750000e+02 2.600000000000000000e+01
2.023068000000000097e+02 6.761357421875000000e+02 2.300000000000000000e+01
2.033189999999999884e+02 6.771146850585937500e+02 3.100000000000000000e+01
2.033189999999999884e+02 6.760655517578125000e+02 2.400000000000000000e+01
2.036562000000000126e+02 6.774212036132812500e+02 2.800000000000000000e+01
2.036562000000000126e+02 6.770916137695312500e+02 2.100000000000000000e+01
2.039927999999999884e+02 6.779948120117187500e+02 6.000000000000000000e+01
2.039927999999999884e+02 6.767331542968750000e+02 3.100000000000000000e+01
2.043288000000000011e+02 6.773085937500000000e+02 5.500000000000000000e+01
2.043288000000000011e+02 6.771036987304687500e+02 2.100000000000000000e+01
2.043288000000000011e+02 6.780421752929687500e+02 2.100000000000000000e+01
2.046659999999999968e+02 6.771956787109375000e+02 2.500000000000000000e+01
2.050031999999999925e+02 6.772590332031250000e+02 2.500000000000000000e+01
2.053397999999999968e+02 6.770569458007812500e+02 3.000000000000000000e+01
2.053397999999999968e+02 6.778408203125000000e+02 2.200000000000000000e+01
2.056758000000000095e+02 6.771834106445312500e+02 2.600000000000000000e+01
2.060130000000000052e+02 6.772633056640625000e+02 4.000000000000000000e+01
2.060130000000000052e+02 6.771046142578125000e+02 3.800000000000000000e+01
2.063502000000000010e+02 6.772311401367187500e+02 3.100000000000000000e+01
2.066868000000000052e+02 6.772561645507812500e+02 2.700000000000000000e+01
2.066868000000000052e+02 6.761978759765625000e+02 2.600000000000000000e+01
2.070258000000000038e+02 6.772345581054687500e+02 2.100000000000000000e+01
2.073629999999999995e+02 6.776366577148437500e+02 2.400000000000000000e+01
2.073629999999999995e+02 6.772586669921875000e+02 2.300000000000000000e+01
2.077001999999999953e+02 6.772277832031250000e+02 3.200000000000000000e+01
2.083739999999999952e+02 6.771668090820312500e+02 4.500000000000000000e+01
2.083739999999999952e+02 6.762955932617187500e+02 3.000000000000000000e+01
2.087111999999999910e+02 6.769456176757812500e+02 2.900000000000000000e+01
2.090472000000000037e+02 6.776394042968750000e+02 2.500000000000000000e+01
2.090472000000000037e+02 6.780056152343750000e+02 2.100000000000000000e+01
2.093838000000000079e+02 6.771878051757812500e+02 2.100000000000000000e+01
2.093838000000000079e+02 6.762769165039062500e+02 2.100000000000000000e+01
2.097210000000000036e+02 6.771791381835937500e+02 3.500000000000000000e+01
2.100581999999999994e+02 6.762719726562500000e+02 2.700000000000000000e+01
2.100581999999999994e+02 6.772548217773437500e+02 2.300000000000000000e+01
2.103942000000000121e+02 6.771600341796875000e+02 2.100000000000000000e+01
2.107307999999999879e+02 6.770758666992187500e+02 2.600000000000000000e+01
2.110680000000000121e+02 6.762639770507812500e+02 2.300000000000000000e+01
2.114052000000000078e+02 6.765454101562500000e+02 2.100000000000000000e+01
2.114052000000000078e+02 6.771346435546875000e+02 2.100000000000000000e+01
2.117418000000000120e+02 6.771912231445312500e+02 4.000000000000000000e+01
2.120777999999999963e+02 6.766068725585937500e+02 2.100000000000000000e+01
2.124149999999999920e+02 6.768943481445312500e+02 2.800000000000000000e+01
2.124149999999999920e+02 6.761160888671875000e+02 2.800000000000000000e+01
2.124149999999999920e+02 6.763592529296875000e+02 2.200000000000000000e+01
2.127521999999999878e+02 6.767399902343750000e+02 2.800000000000000000e+01
2.127521999999999878e+02 6.761390991210937500e+02 2.700000000000000000e+01
2.130887999999999920e+02 6.761839599609375000e+02 3.100000000000000000e+01
2.134271999999999991e+02 6.761334228515625000e+02 2.600000000000000000e+01
2.134271999999999991e+02 6.771561889648437500e+02 2.100000000000000000e+01
2.134271999999999991e+02 6.767277832031250000e+02 2.100000000000000000e+01
