1.861380000000000052e+02 6.942990112304687500e+02 2.500000000000000000e+01
1.864752000000000010e+02 6.952485961914062500e+02 3.200000000000000000e+01
1.868118000000000052e+02 6.952707519531250000e+02 3.600000000000000000e+01
1.868118000000000052e+02 6.961523437500000000e+02 3.600000000000000000e+01
1.871477999999999895e+02 6.961626586914062500e+02 2.600000000000000000e+01
1.878222000000000094e+02 6.950380249023437500e+02 2.300000000000000000e+01
1.884960000000000093e+02 6.961848144531250000e+02 4.200000000000000000e+01
1.891691999999999894e+02 6.961881713867187500e+02 3.000000000000000000e+01
1.891691999999999894e+02 6.952532958984375000e+02 2.200000000000000000e+01
1.898429999999999893e+02 6.954951171875000000e+02 2.300000000000000000e+01
1.905161999999999978e+02 6.950451660156250000e+02 2.100000000000000000e+01
1.908528000000000020e+02 6.948649902343750000e+02 2.900000000000000000e+01
1.908528000000000020e+02 6.961976928710937500e+02 2.900000000000000000e+01
1.908528000000000020e+02 6.946311645507812500e+02 2.200000000000000000e+01
1.915271999999999935e+02 6.961716918945312500e+02 3.900000000000000000e+01
1.915271999999999935e+02 6.951060791015625000e+02 2.400000000000000000e+01
1.922022000000000048e+02 6.950390625000000000e+02 2.300000000000000000e+01
1.925381999999999891e+02 6.951702880859375000e+02 5.500000000000000000e+01
1.925381999999999891e+02 6.961544799804687500e+02 3.300000000000000000e+01
1.928747999999999934e+02 6.951760253906250000e+02 3.700000000000000000e+01
1.928747999999999934e+02 6.960656738281250000e+02 2.100000000000000000e+01
1.932137999999999920e+02 6.945566406250000000e+02 2.700000000000000000e+01
1.932137999999999920e+02 6.951328735351562500e+02 2.600000000000000000e+01
1.932137999999999920e+02 6.953355102539062500e+02 2.600000000000000000e+01
1.935498000000000047e+02 6.961561279296875000e+02 3.400000000000000000e+01
1.938870000000000005e+02 6.951824340820312500e+02 7.000000000000000000e+01
1.942241999999999962e+02 6.961899414062500000e+02 3.900000000000000000e+01
1.942241999999999962e+02 6.951533203125000000e+02 2.300000000000000000e+01
1.945608000000000004e+02 6.951776733398437500e+02 4.500000000000000000e+01
1.948979999999999961e+02 6.951494140625000000e+02 3.900000000000000000e+01
1.952340000000000089e+02 6.950456542968750000e+02 3.500000000000000000e+01
1.955712000000000046e+02 6.953276367187500000e+02 2.100000000000000000e+01
1.962450000000000045e+02 6.951651000976562500e+02 3.800000000000000000e+01
1.965809999999999889e+02 6.951750488281250000e+02 2.300000000000000000e+01
1.972547999999999888e+02 6.952683105468750000e+02 3.100000000000000000e+01
1.972547999999999888e+02 6.961350097656250000e+02 2.200000000000000000e+01
1.979292000000000087e+02 6.953406982421875000e+02 3.000000000000000000e+01
1.989389999999999930e+02 6.956646118164062500e+02 4.000000000000000000e+01
1.989389999999999930e+02 6.942612915039062500e+02 2.400000000000000000e+01
1.992761999999999887e+02 6.942244873046875000e+02 2.300000000000000000e+01
1.996127999999999929e+02 6.950275878906250000e+02 2.100000000000000000e+01
1.999499999999999886e+02 6.952105102539062500e+02 2.400000000000000000e+01
1.999499999999999886e+02 6.962040405273437500e+02 2.200000000000000000e+01
2.002860000000000014e+02 6.947640991210937500e+02 3.600000000000000000e+01
2.002860000000000014e+02 6.961358032226562500e+02 2.700000000000000000e+01
2.006231999999999971e+02 6.942979125976562500e+02 2.300000000000000000e+01
2.012969999999999970e+02 6.951553955078125000e+02 4.400000000000000000e+01
2.016330000000000098e+02 6.952462768554687500e+02 4.100000000000000000e+01
2.019702000000000055e+02 6.952033691406250000e+02 3.200000000000000000e+01
2.026440000000000055e+02 6.952906494140625000e+02 2.800000000000000000e+01
2.026440000000000055e+02 6.961680297851562500e+02 2.100000000000000000e+01
2.029812000000000012e+02 6.951443481445312500e+02 2.400000000000000000e+01
2.029812000000000012e+02 6.953246459960937500e+02 2.200000000000000000e+01
2.036562000000000126e+02 6.952766113281250000e+02 2.500000000000000000e+01
2.036562000000000126e+02 6.948508911132812500e+02 2.300000000000000000e+01
2.039927999999999884e+02 6.952171630859375000e+02 3.200000000000000000e+01
2.043288000000000011e+02 6.960950317382812500e+02 2.300000000000000000e+01
2.043288000000000011e+02 6.951314086914062500e+02 2.100000000000000000e+01
2.046659999999999968e+02 6.951322021484375000e+02 2.500000000000000000e+01
2.046659999999999968e+02 6.942395019531250000e+02 2.400000000000000000e+01
2.053397999999999968e+02 6.961079101562500000e+02 2.500000000000000000e+01
2.063502000000000010e+02 6.952188720703125000e+02 2.700000000000000000e+01
2.066868000000000052e+02 6.949475708007812500e+02 2.700000000000000000e+01
2.066868000000000052e+02 6.952380981445312500e+02 2.400000000000000000e+01
2.070258000000000038e+02 6.961649780273437500e+02 3.900000000000000000e+01
2.080367999999999995e+02 6.961743774414062500e+02 3.200000000000000000e+01
2.080367999999999995e+02 6.951403198242187500e+02 2.700000000000000000e+01
2.083739999999999952e+02 6.942119140625000000e+02 3.300000000000000000e+01
2.083739999999999952e+02 6.945997924804687500e+02 2.100000000000000000e+01
2.087111999999999910e+02 6.961867065429687500e+02 2.200000000000000000e+01
2.090472000000000037e+02 6.955833129882812500e+02 2.500000000000000000e+01
2.093838000000000079e+02 6.956429443359375000e+02 2.600000000000000000e+01
2.097210000000000036e+02 6.956492919921875000e+02 2.800000000000000000e+01
2.097210000000000036e+02 6.946862182617187500e+02 2.400000000000000000e+01
2.097210000000000036e+02 6.961238403320312500e+02 2.300000000000000000e+01
2.097210000000000036e+02 6.952178955078125000e+02 2.100000000000000000e+01
2.100581999999999994e+02 6.952116088867187500e+02 2.500000000000000000e+01
2.103942000000000121e+02 6.942116088867187500e+02 4.400000000000000000e+01
2.103942000000000121e+02 6.955435791015625000e+02 2.300000000000000000e+01
2.107307999999999879e+02 6.960170288085937500e+02 4.600000000000000000e+01
2.114052000000000078e+02 6.961888427734375000e+02 2.200000000000000000e+01
2.117418000000000120e+02 6.955678100585937500e+02 2.700000000000000000e+01
2.124149999999999920e+02 6.953569335937500000e+02 3.000000000000000000e+01
2.124149999999999920e+02 6.960698242187500000e+02 2.400000000000000000e+01
2.127521999999999878e+02 6.942274780273437500e+02 2.700000000000000000e+01
2.127521999999999878e+02 6.946577758789062500e+02 2.100000000000000000e+01
2.134271999999999991e+02 6.952537841796875000e+02 2.500000000000000000e+01
2.137638000000000034e+02 6.943278198242187500e+02 3.500000000000000000e+01
2.137638000000000034e+02 6.958894042968750000e+02 3.000000000000000000e+01
2.137638000000000034e+02 6.955065917968750000e+02 2.600000000000000000e+01
2.137638000000000034e+02 6.961734008789062500e+02 2.100000000000000000e+01
2.141009999999999991e+02 6.951828613281250000e+02 2.800000000000000000e+01
2.144381999999999948e+02 6.952742919921875000e+02 2.900000000000000000e+01
2.144381999999999948e+02 6.946375732421875000e+02 2.800000000000000000e+01
