8.479980000000000295e-01 2.279528503417968750e+02 3.400000000000000000e+01
8.479980000000000295e-01 2.269492492675781250e+02 3.200000000000000000e+01
8.479980000000000295e-01 2.270790710449218750e+02 2.100000000000000000e+01
1.186997999999999998e+00 2.283831634521484375e+02 2.700000000000000000e+01
1.522998000000000074e+00 2.269580078125000000e+02 2.100000000000000000e+01
1.860000000000000098e+00 2.269513854980468750e+02 3.700000000000000000e+01
2.197001999999999899e+00 2.279468536376953125e+02 3.100000000000000000e+01
2.197001999999999899e+00 2.289295196533203125e+02 2.400000000000000000e+01
3.206999999999999851e+00 2.270240325927734375e+02 3.000000000000000000e+01
3.544001999999999875e+00 2.284283752441406250e+02 2.700000000000000000e+01
3.880997999999999948e+00 2.279003143310546875e+02 4.600000000000000000e+01
4.217999999999999972e+00 2.269547271728515625e+02 2.700000000000000000e+01
4.891998000000000069e+00 2.269626312255859375e+02 2.800000000000000000e+01
5.227998000000000367e+00 2.269510650634765625e+02 5.400000000000000000e+01
6.238979999999999748e+00 2.269476470947265625e+02 4.300000000000000000e+01
6.238979999999999748e+00 2.279521942138671875e+02 2.800000000000000000e+01
7.249979999999999869e+00 2.269501953125000000e+02 4.400000000000000000e+01
7.923000000000000043e+00 2.279524078369140625e+02 3.100000000000000000e+01
8.260020000000000806e+00 2.279550323486328125e+02 2.300000000000000000e+01
8.596980000000000288e+00 2.270068511962890625e+02 2.600000000000000000e+01
9.271020000000000039e+00 2.269627380371093750e+02 2.200000000000000000e+01
9.943979999999999819e+00 2.274731292724609375e+02 2.200000000000000000e+01
1.028100000000000058e+01 2.269542694091796875e+02 3.800000000000000000e+01
1.028100000000000058e+01 2.284291992187500000e+02 2.600000000000000000e+01
1.061801999999999957e+01 2.289374084472656250e+02 2.400000000000000000e+01
1.196700000000000053e+01 2.270396423339843750e+02 2.400000000000000000e+01
1.230300000000000082e+01 2.269478149414062500e+02 2.600000000000000000e+01
1.264001999999999981e+01 2.272086181640625000e+02 3.000000000000000000e+01
1.533497999999999983e+01 2.269526367187500000e+02 3.100000000000000000e+01
1.567098000000000013e+01 2.270320281982421875e+02 3.000000000000000000e+01
1.600799999999999912e+01 2.269546051025390625e+02 3.600000000000000000e+01
1.634502000000000166e+01 2.271024932861328125e+02 2.700000000000000000e+01
