6.238979999999999748e+00 2.000572357177734375e+02 2.100000000000000000e+01
6.575999999999999623e+00 1.999305267333984375e+02 3.600000000000000000e+01
6.575999999999999623e+00 2.009285736083984375e+02 2.400000000000000000e+01
1.095498000000000083e+01 2.014065551757812500e+02 2.600000000000000000e+01
1.230300000000000082e+01 2.010663299560546875e+02 2.200000000000000000e+01
1.802898000000000067e+01 2.010474853515625000e+02 2.300000000000000000e+01
1.903902000000000072e+01 2.014246368408203125e+02 2.200000000000000000e+01
2.038601999999999848e+01 2.004322967529296875e+02 2.100000000000000000e+01
2.173499999999999943e+01 2.009689483642578125e+02 5.400000000000000000e+01
2.173499999999999943e+01 1.999397125244140625e+02 2.100000000000000000e+01
2.207201999999999842e+01 2.009687805175781250e+02 2.390000000000000000e+02
2.207201999999999842e+01 1.999433441162109375e+02 4.900000000000000000e+01
2.240897999999999968e+01 2.009723358154296875e+02 6.060000000000000000e+02
2.240897999999999968e+01 1.999395599365234375e+02 1.860000000000000000e+02
2.274701999999999913e+01 2.009669036865234375e+02 1.097000000000000000e+03
2.274701999999999913e+01 1.999394226074218750e+02 4.230000000000000000e+02
2.308398000000000039e+01 2.009650421142578125e+02 1.791000000000000000e+03
2.308398000000000039e+01 1.999402160644531250e+02 5.880000000000000000e+02
2.308398000000000039e+01 2.011935272216796875e+02 2.400000000000000000e+01
2.342099999999999937e+01 2.009662475585937500e+02 2.329000000000000000e+03
2.342099999999999937e+01 1.999420166015625000e+02 9.360000000000000000e+02
2.375700000000000145e+01 2.009666442871093750e+02 2.626000000000000000e+03
2.375700000000000145e+01 1.999414367675781250e+02 1.119000000000000000e+03
2.375700000000000145e+01 2.011694183349609375e+02 2.300000000000000000e+01
2.409402000000000044e+01 2.009645843505859375e+02 2.953000000000000000e+03
2.409402000000000044e+01 1.999411621093750000e+02 1.139000000000000000e+03
2.443098000000000170e+01 2.009654846191406250e+02 3.018000000000000000e+03
2.443098000000000170e+01 1.999420318603515625e+02 1.559000000000000000e+03
2.476800000000000068e+01 2.009669494628906250e+02 3.258000000000000000e+03
2.476800000000000068e+01 1.999407806396484375e+02 1.558000000000000000e+03
2.476800000000000068e+01 1.998160858154296875e+02 2.200000000000000000e+01
2.510501999999999967e+01 2.009672851562500000e+02 3.110000000000000000e+03
2.510501999999999967e+01 1.999420471191406250e+02 1.227000000000000000e+03
2.510501999999999967e+01 2.005196075439453125e+02 2.900000000000000000e+01
2.544102000000000174e+01 2.009688568115234375e+02 3.287000000000000000e+03
2.544102000000000174e+01 1.999416961669921875e+02 1.165000000000000000e+03
2.544102000000000174e+01 2.005458068847656250e+02 2.700000000000000000e+01
2.544102000000000174e+01 1.994357757568359375e+02 2.400000000000000000e+01
2.577797999999999945e+01 2.009695281982421875e+02 3.058000000000000000e+03
2.577797999999999945e+01 1.999436645507812500e+02 1.023000000000000000e+03
2.577797999999999945e+01 1.994737701416015625e+02 6.200000000000000000e+01
2.577797999999999945e+01 1.996657104492187500e+02 2.400000000000000000e+01
2.611499999999999844e+01 2.009716033935546875e+02 2.304000000000000000e+03
2.611499999999999844e+01 1.999456634521484375e+02 6.850000000000000000e+02
2.611499999999999844e+01 2.004359130859375000e+02 4.400000000000000000e+01
2.611499999999999844e+01 1.994559173583984375e+02 2.700000000000000000e+01
2.645202000000000098e+01 2.009708862304687500e+02 1.599000000000000000e+03
2.645202000000000098e+01 1.999454345703125000e+02 3.750000000000000000e+02
2.645202000000000098e+01 1.995041656494140625e+02 5.100000000000000000e+01
2.678897999999999868e+01 2.009705505371093750e+02 8.920000000000000000e+02
2.678897999999999868e+01 1.999470367431640625e+02 1.970000000000000000e+02
2.678897999999999868e+01 1.994883270263671875e+02 6.700000000000000000e+01
2.678897999999999868e+01 2.004521331787109375e+02 3.500000000000000000e+01
2.678897999999999868e+01 2.005378570556640625e+02 2.300000000000000000e+01
2.712498000000000076e+01 2.009680328369140625e+02 4.060000000000000000e+02
2.712498000000000076e+01 1.999596405029296875e+02 7.000000000000000000e+01
2.712498000000000076e+01 1.994882965087890625e+02 7.000000000000000000e+01
2.712498000000000076e+01 2.005125732421875000e+02 2.800000000000000000e+01
2.712498000000000076e+01 2.002201995849609375e+02 2.400000000000000000e+01
2.712498000000000076e+01 2.004219360351562500e+02 2.400000000000000000e+01
2.746199999999999974e+01 2.009590301513671875e+02 1.780000000000000000e+02
2.746199999999999974e+01 1.999496765136718750e+02 9.000000000000000000e+01
2.746199999999999974e+01 2.000139312744140625e+02 6.700000000000000000e+01
2.779901999999999873e+01 2.009722595214843750e+02 1.630000000000000000e+02
2.779901999999999873e+01 1.999522399902343750e+02 5.700000000000000000e+01
2.779901999999999873e+01 1.994903259277343750e+02 2.800000000000000000e+01
2.779901999999999873e+01 2.005314483642578125e+02 2.500000000000000000e+01
2.813597999999999999e+01 1.999493560791015625e+02 8.700000000000000000e+01
2.813597999999999999e+01 2.009679260253906250e+02 8.200000000000000000e+01
2.813597999999999999e+01 2.000352020263671875e+02 2.700000000000000000e+01
2.847299999999999898e+01 1.999531097412109375e+02 7.700000000000000000e+01
2.847299999999999898e+01 1.994743499755859375e+02 4.700000000000000000e+01
2.847299999999999898e+01 2.009263916015625000e+02 4.300000000000000000e+01
2.880900000000000105e+01 2.009678192138671875e+02 6.000000000000000000e+01
2.880900000000000105e+01 1.999613494873046875e+02 3.900000000000000000e+01
2.880900000000000105e+01 2.005078430175781250e+02 2.100000000000000000e+01
2.914602000000000004e+01 1.999579925537109375e+02 4.500000000000000000e+01
2.914602000000000004e+01 2.009313507080078125e+02 3.700000000000000000e+01
2.914602000000000004e+01 2.010443878173828125e+02 3.700000000000000000e+01
2.914602000000000004e+01 2.000147399902343750e+02 3.400000000000000000e+01
2.914602000000000004e+01 2.005020599365234375e+02 2.100000000000000000e+01
2.948298000000000130e+01 2.000229339599609375e+02 5.200000000000000000e+01
2.948298000000000130e+01 2.010247344970703125e+02 4.200000000000000000e+01
2.948298000000000130e+01 2.009496917724609375e+02 3.600000000000000000e+01
2.948298000000000130e+01 1.994987182617187500e+02 2.100000000000000000e+01
2.982000000000000028e+01 2.000044555664062500e+02 9.400000000000000000e+01
2.982000000000000028e+01 2.010192260742187500e+02 4.700000000000000000e+01
2.982000000000000028e+01 1.994817504882812500e+02 2.900000000000000000e+01
2.982000000000000028e+01 1.999139404296875000e+02 2.300000000000000000e+01
2.982000000000000028e+01 2.001179199218750000e+02 2.100000000000000000e+01
3.015701999999999927e+01 2.000451965332031250e+02 8.200000000000000000e+01
3.015701999999999927e+01 2.009878234863281250e+02 6.500000000000000000e+01
3.015701999999999927e+01 1.999705963134765625e+02 2.500000000000000000e+01
3.049398000000000053e+01 2.010139617919921875e+02 5.000000000000000000e+01
3.049398000000000053e+01 2.000374755859375000e+02 4.600000000000000000e+01
3.049398000000000053e+01 1.999688720703125000e+02 3.400000000000000000e+01
3.049398000000000053e+01 1.994424591064453125e+02 2.900000000000000000e+01
3.049398000000000053e+01 2.005160217285156250e+02 2.400000000000000000e+01
3.082997999999999905e+01 2.000422973632812500e+02 1.430000000000000000e+02
3.082997999999999905e+01 2.005486450195312500e+02 3.800000000000000000e+01
3.082997999999999905e+01 2.010127105712890625e+02 3.400000000000000000e+01
3.116700000000000159e+01 2.010142974853515625e+02 8.300000000000000000e+01
3.116700000000000159e+01 2.000441741943359375e+02 4.600000000000000000e+01
3.116700000000000159e+01 1.999750823974609375e+02 3.500000000000000000e+01
3.116700000000000159e+01 2.004627838134765625e+02 3.300000000000000000e+01
3.150600000000000023e+01 2.000321197509765625e+02 9.700000000000000000e+01
3.150600000000000023e+01 2.010222778320312500e+02 8.200000000000000000e+01
3.150600000000000023e+01 2.004951019287109375e+02 4.600000000000000000e+01
3.150600000000000023e+01 1.994978637695312500e+02 2.500000000000000000e+01
3.150600000000000023e+01 2.008521118164062500e+02 2.100000000000000000e+01
3.184199999999999875e+01 2.000434265136718750e+02 1.440000000000000000e+02
3.184199999999999875e+01 2.010137023925781250e+02 1.220000000000000000e+02
3.184199999999999875e+01 2.009197845458984375e+02 2.900000000000000000e+01
3.184199999999999875e+01 2.005338745117187500e+02 2.400000000000000000e+01
3.217902000000000129e+01 2.010069885253906250e+02 1.000000000000000000e+02
3.217902000000000129e+01 2.000376892089843750e+02 6.800000000000000000e+01
3.251597999999999900e+01 2.000381469726562500e+02 1.130000000000000000e+02
3.251597999999999900e+01 2.010347595214843750e+02 6.400000000000000000e+01
3.251597999999999900e+01 1.999451904296875000e+02 6.200000000000000000e+01
3.251597999999999900e+01 2.005713348388671875e+02 4.000000000000000000e+01
3.285300000000000153e+01 2.000409393310546875e+02 1.030000000000000000e+02
3.285300000000000153e+01 2.010182189941406250e+02 7.800000000000000000e+01
3.285300000000000153e+01 1.995222625732421875e+02 2.900000000000000000e+01
3.285300000000000153e+01 2.001294403076171875e+02 2.600000000000000000e+01
3.318900000000000006e+01 2.010148162841796875e+02 1.120000000000000000e+02
3.318900000000000006e+01 2.000257720947265625e+02 8.500000000000000000e+01
3.318900000000000006e+01 1.995075836181640625e+02 3.200000000000000000e+01
3.318900000000000006e+01 2.005039367675781250e+02 2.400000000000000000e+01
3.352602000000000260e+01 2.000335998535156250e+02 1.050000000000000000e+02
3.352602000000000260e+01 2.010087738037109375e+02 8.800000000000000000e+01
3.352602000000000260e+01 2.008655548095703125e+02 2.500000000000000000e+01
3.352602000000000260e+01 2.005217590332031250e+02 2.100000000000000000e+01
3.386298000000000030e+01 2.000407409667968750e+02 1.050000000000000000e+02
3.386298000000000030e+01 2.010231781005859375e+02 7.900000000000000000e+01
3.386298000000000030e+01 2.005460968017578125e+02 3.800000000000000000e+01
3.386298000000000030e+01 1.999504241943359375e+02 2.600000000000000000e+01
3.420000000000000284e+01 2.000449676513671875e+02 1.290000000000000000e+02
3.420000000000000284e+01 2.010122222900390625e+02 8.100000000000000000e+01
3.420000000000000284e+01 2.005140991210937500e+02 3.900000000000000000e+01
3.453701999999999828e+01 2.000362396240234375e+02 1.400000000000000000e+02
3.453701999999999828e+01 2.010155792236328125e+02 1.020000000000000000e+02
3.487398000000000309e+01 2.000450134277343750e+02 1.810000000000000000e+02
3.487398000000000309e+01 2.010179138183593750e+02 7.400000000000000000e+01
3.487398000000000309e+01 1.995266113281250000e+02 2.100000000000000000e+01
3.487398000000000309e+01 2.005496520996093750e+02 2.100000000000000000e+01
