1.871477999999999895e+02 6.807920532226562500e+02 2.100000000000000000e+01
1.874850000000000136e+02 6.801577758789062500e+02 2.200000000000000000e+01
1.878222000000000094e+02 6.801745605468750000e+02 4.100000000000000000e+01
1.881588000000000136e+02 6.801782836914062500e+02 4.300000000000000000e+01
1.881588000000000136e+02 6.811715087890625000e+02 3.000000000000000000e+01
1.884960000000000093e+02 6.802084350585937500e+02 4.200000000000000000e+01
1.884960000000000093e+02 6.811882324218750000e+02 2.600000000000000000e+01
1.888319999999999936e+02 6.801886596679687500e+02 3.600000000000000000e+01
1.891691999999999894e+02 6.801907958984375000e+02 3.000000000000000000e+01
1.891691999999999894e+02 6.809733886718750000e+02 2.200000000000000000e+01
1.891691999999999894e+02 6.811839599609375000e+02 2.100000000000000000e+01
1.895057999999999936e+02 6.801667480468750000e+02 3.700000000000000000e+01
1.895057999999999936e+02 6.809622192382812500e+02 3.000000000000000000e+01
1.898429999999999893e+02 6.801720581054687500e+02 3.700000000000000000e+01
1.898429999999999893e+02 6.800360107421875000e+02 2.600000000000000000e+01
1.905161999999999978e+02 6.803034057617187500e+02 2.500000000000000000e+01
1.908528000000000020e+02 6.801726684570312500e+02 2.100000000000000000e+01
1.911899999999999977e+02 6.804277343750000000e+02 3.800000000000000000e+01
1.918650000000000091e+02 6.793201904296875000e+02 2.600000000000000000e+01
1.918650000000000091e+02 6.800257568359375000e+02 2.200000000000000000e+01
1.925381999999999891e+02 6.801624755859375000e+02 2.800000000000000000e+01
1.925381999999999891e+02 6.797816162109375000e+02 2.800000000000000000e+01
1.928747999999999934e+02 6.802077636718750000e+02 2.900000000000000000e+01
1.932137999999999920e+02 6.811767578125000000e+02 2.100000000000000000e+01
1.938870000000000005e+02 6.798256225585937500e+02 3.200000000000000000e+01
1.942241999999999962e+02 6.800991210937500000e+02 2.400000000000000000e+01
1.942241999999999962e+02 6.802682495117187500e+02 2.100000000000000000e+01
1.948979999999999961e+02 6.801652832031250000e+02 3.200000000000000000e+01
1.952340000000000089e+02 6.811587524414062500e+02 2.200000000000000000e+01
1.955712000000000046e+02 6.799237060546875000e+02 2.300000000000000000e+01
1.959078000000000088e+02 6.810778808593750000e+02 2.600000000000000000e+01
1.969182000000000130e+02 6.798739624023437500e+02 2.700000000000000000e+01
1.969182000000000130e+02 6.803447265625000000e+02 2.500000000000000000e+01
1.969182000000000130e+02 6.811918945312500000e+02 2.400000000000000000e+01
1.972547999999999888e+02 6.801588745117187500e+02 3.200000000000000000e+01
1.972547999999999888e+02 6.811648559570312500e+02 3.200000000000000000e+01
1.979292000000000087e+02 6.811309814453125000e+02 2.300000000000000000e+01
1.979292000000000087e+02 6.799614257812500000e+02 2.100000000000000000e+01
1.986017999999999972e+02 6.812387695312500000e+02 2.500000000000000000e+01
1.989389999999999930e+02 6.803218994140625000e+02 2.900000000000000000e+01
1.992761999999999887e+02 6.811638183593750000e+02 2.900000000000000000e+01
1.999499999999999886e+02 6.793729248046875000e+02 2.200000000000000000e+01
2.002860000000000014e+02 6.801170654296875000e+02 2.300000000000000000e+01
2.002860000000000014e+02 6.811629028320312500e+02 2.200000000000000000e+01
2.002860000000000014e+02 6.795244140625000000e+02 2.100000000000000000e+01
2.006231999999999971e+02 6.812194824218750000e+02 3.100000000000000000e+01
2.006231999999999971e+02 6.801444091796875000e+02 2.700000000000000000e+01
2.006231999999999971e+02 6.805376586914062500e+02 2.200000000000000000e+01
2.012969999999999970e+02 6.796408691406250000e+02 2.700000000000000000e+01
2.012969999999999970e+02 6.793841552734375000e+02 2.100000000000000000e+01
2.016330000000000098e+02 6.806574707031250000e+02 2.100000000000000000e+01
2.019702000000000055e+02 6.811483764648437500e+02 3.100000000000000000e+01
2.019702000000000055e+02 6.802640991210937500e+02 2.800000000000000000e+01
2.026440000000000055e+02 6.792844238281250000e+02 2.600000000000000000e+01
2.026440000000000055e+02 6.806190185546875000e+02 2.200000000000000000e+01
2.029812000000000012e+02 6.803913574218750000e+02 2.100000000000000000e+01
2.033189999999999884e+02 6.801325073242187500e+02 3.300000000000000000e+01
2.033189999999999884e+02 6.811463012695312500e+02 3.100000000000000000e+01
2.033189999999999884e+02 6.802797851562500000e+02 2.200000000000000000e+01
2.036562000000000126e+02 6.810980834960937500e+02 3.000000000000000000e+01
2.036562000000000126e+02 6.801331176757812500e+02 2.300000000000000000e+01
2.036562000000000126e+02 6.802542114257812500e+02 2.300000000000000000e+01
2.036562000000000126e+02 6.792766723632812500e+02 2.100000000000000000e+01
2.039927999999999884e+02 6.801458129882812500e+02 3.500000000000000000e+01
2.043288000000000011e+02 6.796351318359375000e+02 2.800000000000000000e+01
2.043288000000000011e+02 6.802446289062500000e+02 2.600000000000000000e+01
2.046659999999999968e+02 6.801654052734375000e+02 2.700000000000000000e+01
2.050031999999999925e+02 6.802728881835937500e+02 4.400000000000000000e+01
2.053397999999999968e+02 6.801541137695312500e+02 2.300000000000000000e+01
2.053397999999999968e+02 6.810890502929687500e+02 2.100000000000000000e+01
2.056758000000000095e+02 6.801555786132812500e+02 3.100000000000000000e+01
2.060130000000000052e+02 6.804036254882812500e+02 3.300000000000000000e+01
2.063502000000000010e+02 6.804180908203125000e+02 3.300000000000000000e+01
2.063502000000000010e+02 6.811326904296875000e+02 2.100000000000000000e+01
2.066868000000000052e+02 6.801532592773437500e+02 2.400000000000000000e+01
2.077001999999999953e+02 6.801383666992187500e+02 3.400000000000000000e+01
2.080367999999999995e+02 6.795955810546875000e+02 2.400000000000000000e+01
2.080367999999999995e+02 6.802277832031250000e+02 2.300000000000000000e+01
2.083739999999999952e+02 6.809973754882812500e+02 3.100000000000000000e+01
2.090472000000000037e+02 6.798773193359375000e+02 4.100000000000000000e+01
2.090472000000000037e+02 6.802196044921875000e+02 2.700000000000000000e+01
2.090472000000000037e+02 6.810945434570312500e+02 2.400000000000000000e+01
2.093838000000000079e+02 6.811481323242187500e+02 2.100000000000000000e+01
2.097210000000000036e+02 6.801687011718750000e+02 3.600000000000000000e+01
2.097210000000000036e+02 6.810180053710937500e+02 2.600000000000000000e+01
2.097210000000000036e+02 6.796105957031250000e+02 2.100000000000000000e+01
2.100581999999999994e+02 6.801743164062500000e+02 3.800000000000000000e+01
2.100581999999999994e+02 6.799933471679687500e+02 2.400000000000000000e+01
2.103942000000000121e+02 6.802222290039062500e+02 2.900000000000000000e+01
2.107307999999999879e+02 6.811037597656250000e+02 3.100000000000000000e+01
2.107307999999999879e+02 6.801598510742187500e+02 2.400000000000000000e+01
2.110680000000000121e+02 6.801661376953125000e+02 3.700000000000000000e+01
2.114052000000000078e+02 6.809773559570312500e+02 4.800000000000000000e+01
2.114052000000000078e+02 6.800523681640625000e+02 3.800000000000000000e+01
2.114052000000000078e+02 6.792843017578125000e+02 3.500000000000000000e+01
2.120777999999999963e+02 6.795477294921875000e+02 2.600000000000000000e+01
2.120777999999999963e+02 6.808093261718750000e+02 2.200000000000000000e+01
2.120777999999999963e+02 6.810388183593750000e+02 2.200000000000000000e+01
2.124149999999999920e+02 6.807418823242187500e+02 3.900000000000000000e+01
2.124149999999999920e+02 6.801721801757812500e+02 3.600000000000000000e+01
2.124149999999999920e+02 6.811559448242187500e+02 2.700000000000000000e+01
2.124149999999999920e+02 6.797908325195312500e+02 2.300000000000000000e+01
2.124149999999999920e+02 6.796020507812500000e+02 2.100000000000000000e+01
2.127521999999999878e+02 6.797263793945312500e+02 2.500000000000000000e+01
2.127521999999999878e+02 6.808072509765625000e+02 2.300000000000000000e+01
2.127521999999999878e+02 6.802581787109375000e+02 2.200000000000000000e+01
2.130887999999999920e+02 6.801602172851562500e+02 2.300000000000000000e+01
2.134271999999999991e+02 6.797485961914062500e+02 3.200000000000000000e+01
2.134271999999999991e+02 6.799583740234375000e+02 2.300000000000000000e+01
2.137638000000000034e+02 6.799093017578125000e+02 3.700000000000000000e+01
2.137638000000000034e+02 6.801748657226562500e+02 3.400000000000000000e+01
2.137638000000000034e+02 6.807905273437500000e+02 2.800000000000000000e+01
2.141009999999999991e+02 6.810809936523437500e+02 2.300000000000000000e+01
2.141009999999999991e+02 6.797610473632812500e+02 2.200000000000000000e+01
2.144381999999999948e+02 6.793214721679687500e+02 2.100000000000000000e+01
2.147742000000000075e+02 6.792985839843750000e+02 3.700000000000000000e+01
2.151108000000000118e+02 6.793633422851562500e+02 2.700000000000000000e+01
2.154480000000000075e+02 6.811727905273437500e+02 3.900000000000000000e+01
2.154480000000000075e+02 6.802941894531250000e+02 3.400000000000000000e+01
2.157852000000000032e+02 6.792656860351562500e+02 2.300000000000000000e+01
2.161218000000000075e+02 6.795196533203125000e+02 2.900000000000000000e+01
