1.932137999999999920e+02 6.811767578125000000e+02 2.100000000000000000e+01
1.935498000000000047e+02 6.822922363281250000e+02 2.100000000000000000e+01
1.942241999999999962e+02 6.829364013671875000e+02 2.400000000000000000e+01
1.945608000000000004e+02 6.812938842773437500e+02 2.200000000000000000e+01
1.948979999999999961e+02 6.819703979492187500e+02 2.400000000000000000e+01
1.948979999999999961e+02 6.821067504882812500e+02 2.100000000000000000e+01
1.952340000000000089e+02 6.811587524414062500e+02 2.200000000000000000e+01
1.955712000000000046e+02 6.813192749023437500e+02 2.800000000000000000e+01
1.955712000000000046e+02 6.821517333984375000e+02 2.600000000000000000e+01
1.959078000000000088e+02 6.810778808593750000e+02 2.600000000000000000e+01
1.965809999999999889e+02 6.821701049804687500e+02 2.400000000000000000e+01
1.969182000000000130e+02 6.811918945312500000e+02 2.400000000000000000e+01
1.969182000000000130e+02 6.821282958984375000e+02 2.300000000000000000e+01
1.972547999999999888e+02 6.821329345703125000e+02 3.500000000000000000e+01
1.972547999999999888e+02 6.811648559570312500e+02 3.200000000000000000e+01
1.975920000000000130e+02 6.825989990234375000e+02 2.600000000000000000e+01
1.979292000000000087e+02 6.811309814453125000e+02 2.300000000000000000e+01
1.986017999999999972e+02 6.827516479492187500e+02 3.100000000000000000e+01
1.986017999999999972e+02 6.812387695312500000e+02 2.500000000000000000e+01
1.986017999999999972e+02 6.814179687500000000e+02 2.100000000000000000e+01
1.989389999999999930e+02 6.821929931640625000e+02 2.800000000000000000e+01
1.992761999999999887e+02 6.811638183593750000e+02 2.900000000000000000e+01
1.996127999999999929e+02 6.821052856445312500e+02 2.200000000000000000e+01
2.002860000000000014e+02 6.811629028320312500e+02 2.200000000000000000e+01
2.006231999999999971e+02 6.812194824218750000e+02 3.100000000000000000e+01
2.009598000000000013e+02 6.813480834960937500e+02 2.800000000000000000e+01
2.019702000000000055e+02 6.811483764648437500e+02 3.100000000000000000e+01
2.023068000000000097e+02 6.812985229492187500e+02 2.200000000000000000e+01
2.023068000000000097e+02 6.820790405273437500e+02 2.100000000000000000e+01
2.033189999999999884e+02 6.811463012695312500e+02 3.100000000000000000e+01
2.036562000000000126e+02 6.810980834960937500e+02 3.000000000000000000e+01
2.039927999999999884e+02 6.821433715820312500e+02 3.000000000000000000e+01
2.046659999999999968e+02 6.830330810546875000e+02 4.800000000000000000e+01
2.046659999999999968e+02 6.812780151367187500e+02 2.100000000000000000e+01
2.053397999999999968e+02 6.829855346679687500e+02 3.300000000000000000e+01
2.053397999999999968e+02 6.812975463867187500e+02 2.200000000000000000e+01
2.053397999999999968e+02 6.810890502929687500e+02 2.100000000000000000e+01
2.063502000000000010e+02 6.811326904296875000e+02 2.100000000000000000e+01
2.066868000000000052e+02 6.821499633789062500e+02 2.900000000000000000e+01
2.066868000000000052e+02 6.830405883789062500e+02 2.400000000000000000e+01
2.070258000000000038e+02 6.826969604492187500e+02 5.000000000000000000e+01
2.073629999999999995e+02 6.827042846679687500e+02 2.400000000000000000e+01
2.080367999999999995e+02 6.820507202148437500e+02 2.100000000000000000e+01
2.083739999999999952e+02 6.821588745117187500e+02 2.500000000000000000e+01
2.090472000000000037e+02 6.810945434570312500e+02 2.400000000000000000e+01
2.093838000000000079e+02 6.821437988281250000e+02 4.000000000000000000e+01
2.093838000000000079e+02 6.811481323242187500e+02 2.100000000000000000e+01
2.097210000000000036e+02 6.821375732421875000e+02 2.400000000000000000e+01
2.097210000000000036e+02 6.814981689453125000e+02 2.400000000000000000e+01
2.100581999999999994e+02 6.829606933593750000e+02 2.700000000000000000e+01
2.103942000000000121e+02 6.819681396484375000e+02 2.800000000000000000e+01
2.103942000000000121e+02 6.816612548828125000e+02 2.300000000000000000e+01
2.107307999999999879e+02 6.821781616210937500e+02 3.200000000000000000e+01
2.107307999999999879e+02 6.811037597656250000e+02 3.100000000000000000e+01
2.117418000000000120e+02 6.822550659179687500e+02 3.200000000000000000e+01
2.124149999999999920e+02 6.815900268554687500e+02 3.300000000000000000e+01
2.124149999999999920e+02 6.811559448242187500e+02 2.700000000000000000e+01
2.127521999999999878e+02 6.813325805664062500e+02 2.700000000000000000e+01
2.130887999999999920e+02 6.823585815429687500e+02 3.400000000000000000e+01
2.130887999999999920e+02 6.829752807617187500e+02 2.100000000000000000e+01
2.134271999999999991e+02 6.813034667968750000e+02 5.300000000000000000e+01
2.134271999999999991e+02 6.823250732421875000e+02 3.100000000000000000e+01
2.134271999999999991e+02 6.821292724609375000e+02 3.000000000000000000e+01
2.137638000000000034e+02 6.820958862304687500e+02 2.300000000000000000e+01
2.137638000000000034e+02 6.822936401367187500e+02 2.200000000000000000e+01
2.141009999999999991e+02 6.810809936523437500e+02 2.300000000000000000e+01
2.144381999999999948e+02 6.816266479492187500e+02 3.200000000000000000e+01
2.147742000000000075e+02 6.823288574218750000e+02 2.500000000000000000e+01
2.147742000000000075e+02 6.813137207031250000e+02 2.100000000000000000e+01
2.151108000000000118e+02 6.825231933593750000e+02 2.300000000000000000e+01
2.151108000000000118e+02 6.822762451171875000e+02 2.100000000000000000e+01
2.154480000000000075e+02 6.811727905273437500e+02 3.900000000000000000e+01
2.154480000000000075e+02 6.826985473632812500e+02 2.100000000000000000e+01
2.157852000000000032e+02 6.819450073242187500e+02 2.900000000000000000e+01
2.157852000000000032e+02 6.812987060546875000e+02 2.300000000000000000e+01
2.157852000000000032e+02 6.823239135742187500e+02 2.100000000000000000e+01
2.164577999999999918e+02 6.822261352539062500e+02 2.500000000000000000e+01
2.167949999999999875e+02 6.828707885742187500e+02 2.400000000000000000e+01
2.174687999999999874e+02 6.813170166015625000e+02 3.400000000000000000e+01
2.181419999999999959e+02 6.810966186523437500e+02 2.400000000000000000e+01
2.181419999999999959e+02 6.813467407226562500e+02 2.100000000000000000e+01
2.184791999999999916e+02 6.813021850585937500e+02 2.200000000000000000e+01
2.188157999999999959e+02 6.813269653320312500e+02 3.800000000000000000e+01
2.188157999999999959e+02 6.822934570312500000e+02 3.100000000000000000e+01
2.188157999999999959e+02 6.811030883789062500e+02 2.700000000000000000e+01
2.194901999999999873e+02 6.812666625976562500e+02 2.800000000000000000e+01
2.194901999999999873e+02 6.829635009765625000e+02 2.100000000000000000e+01
2.201628000000000043e+02 6.823784179687500000e+02 3.100000000000000000e+01
2.201628000000000043e+02 6.812512207031250000e+02 2.400000000000000000e+01
2.201628000000000043e+02 6.822607421875000000e+02 2.400000000000000000e+01
2.201628000000000043e+02 6.818727416992187500e+02 2.300000000000000000e+01
2.205000000000000000e+02 6.822574462890625000e+02 2.600000000000000000e+01
2.205000000000000000e+02 6.812011108398437500e+02 2.200000000000000000e+01
2.208371999999999957e+02 6.810762939453125000e+02 3.000000000000000000e+01
2.208371999999999957e+02 6.821669311523437500e+02 2.200000000000000000e+01
2.208371999999999957e+02 6.813358154296875000e+02 2.100000000000000000e+01
2.211732000000000085e+02 6.829206542968750000e+02 2.500000000000000000e+01
2.215098000000000127e+02 6.812575683593750000e+02 3.000000000000000000e+01
2.215098000000000127e+02 6.817301635742187500e+02 2.500000000000000000e+01
2.218470000000000084e+02 6.822597045898437500e+02 2.800000000000000000e+01
2.218470000000000084e+02 6.819788208007812500e+02 2.400000000000000000e+01
2.221842000000000041e+02 6.822890625000000000e+02 3.500000000000000000e+01
2.225208000000000084e+02 6.815949096679687500e+02 3.600000000000000000e+01
