2.012969999999999970e+02 7.831304321289062500e+02 3.000000000000000000e+01
2.012969999999999970e+02 7.822712402343750000e+02 2.400000000000000000e+01
2.026440000000000055e+02 7.831959838867187500e+02 2.400000000000000000e+01
2.029812000000000012e+02 7.831227416992187500e+02 2.100000000000000000e+01
2.033189999999999884e+02 7.830930175781250000e+02 3.100000000000000000e+01
2.033189999999999884e+02 7.825941772460937500e+02 2.200000000000000000e+01
2.036562000000000126e+02 7.831837768554687500e+02 6.500000000000000000e+01
2.036562000000000126e+02 7.822453613281250000e+02 2.900000000000000000e+01
2.036562000000000126e+02 7.841168823242187500e+02 2.800000000000000000e+01
2.036562000000000126e+02 7.826793212890625000e+02 2.200000000000000000e+01
2.039927999999999884e+02 7.831370849609375000e+02 3.400000000000000000e+01
2.043288000000000011e+02 7.831751708984375000e+02 7.600000000000000000e+01
2.043288000000000011e+02 7.841765747070312500e+02 2.700000000000000000e+01
2.046659999999999968e+02 7.831652832031250000e+02 3.900000000000000000e+01
2.050031999999999925e+02 7.831797485351562500e+02 3.500000000000000000e+01
2.053397999999999968e+02 7.831721191406250000e+02 6.500000000000000000e+01
2.053397999999999968e+02 7.826353149414062500e+02 2.300000000000000000e+01
2.056758000000000095e+02 7.836627807617187500e+02 3.800000000000000000e+01
2.056758000000000095e+02 7.831254272460937500e+02 2.700000000000000000e+01
2.060130000000000052e+02 7.831588745117187500e+02 2.900000000000000000e+01
2.063502000000000010e+02 7.832118530273437500e+02 2.200000000000000000e+01
2.066868000000000052e+02 7.826755981445312500e+02 2.300000000000000000e+01
2.070258000000000038e+02 7.822846679687500000e+02 3.700000000000000000e+01
2.083739999999999952e+02 7.822728881835937500e+02 3.100000000000000000e+01
2.087111999999999910e+02 7.831773681640625000e+02 2.100000000000000000e+01
2.090472000000000037e+02 7.831609497070312500e+02 2.200000000000000000e+01
2.093838000000000079e+02 7.831676635742187500e+02 3.600000000000000000e+01
2.093838000000000079e+02 7.822332763671875000e+02 3.200000000000000000e+01
2.100581999999999994e+02 7.836531982421875000e+02 3.600000000000000000e+01
2.100581999999999994e+02 7.831673583984375000e+02 2.600000000000000000e+01
2.100581999999999994e+02 7.826409912109375000e+02 2.200000000000000000e+01
2.114052000000000078e+02 7.825217895507812500e+02 2.800000000000000000e+01
2.114052000000000078e+02 7.832314453125000000e+02 2.500000000000000000e+01
2.117418000000000120e+02 7.832283935546875000e+02 2.100000000000000000e+01
2.120777999999999963e+02 7.833527832031250000e+02 2.300000000000000000e+01
2.124149999999999920e+02 7.840292968750000000e+02 2.100000000000000000e+01
2.130887999999999920e+02 7.832649536132812500e+02 3.700000000000000000e+01
2.137638000000000034e+02 7.832150268554687500e+02 2.500000000000000000e+01
2.141009999999999991e+02 7.825949707031250000e+02 3.100000000000000000e+01
2.144381999999999948e+02 7.827800903320312500e+02 2.200000000000000000e+01
2.147742000000000075e+02 7.833976440429687500e+02 2.300000000000000000e+01
2.147742000000000075e+02 7.823760375976562500e+02 2.300000000000000000e+01
2.174687999999999874e+02 7.829583129882812500e+02 2.300000000000000000e+01
2.174687999999999874e+02 7.842107543945312500e+02 2.200000000000000000e+01
2.178060000000000116e+02 7.832290649414062500e+02 2.600000000000000000e+01
2.184791999999999916e+02 7.832357177734375000e+02 2.500000000000000000e+01
2.208371999999999957e+02 7.828026733398437500e+02 3.200000000000000000e+01
2.208371999999999957e+02 7.840469360351562500e+02 2.400000000000000000e+01
2.211732000000000085e+02 7.828522949218750000e+02 2.300000000000000000e+01
2.218470000000000084e+02 7.831238403320312500e+02 2.600000000000000000e+01
2.225208000000000084e+02 7.833308105468750000e+02 2.800000000000000000e+01
2.225208000000000084e+02 7.829837646484375000e+02 2.700000000000000000e+01
2.235329999999999870e+02 7.840441284179687500e+02 3.400000000000000000e+01
2.242067999999999870e+02 7.834127807617187500e+02 2.600000000000000000e+01
2.248812000000000069e+02 7.823312988281250000e+02 2.600000000000000000e+01
2.252178000000000111e+02 7.842043457031250000e+02 2.700000000000000000e+01
2.255561999999999898e+02 7.830866088867187500e+02 2.500000000000000000e+01
2.258927999999999940e+02 7.841064453125000000e+02 2.400000000000000000e+01
2.269031999999999982e+02 7.822235107421875000e+02 2.500000000000000000e+01
2.272398000000000025e+02 7.822930908203125000e+02 2.100000000000000000e+01
2.275769999999999982e+02 7.841804199218750000e+02 3.300000000000000000e+01
2.279141999999999939e+02 7.822393798828125000e+02 2.300000000000000000e+01
2.279141999999999939e+02 7.832879638671875000e+02 2.100000000000000000e+01
