2.009598000000000013e+02 6.902297363281250000e+02 2.100000000000000000e+01
2.009598000000000013e+02 6.891043701171875000e+02 2.100000000000000000e+01
2.012969999999999970e+02 6.891159057617187500e+02 2.700000000000000000e+01
2.016330000000000098e+02 6.892432250976562500e+02 2.400000000000000000e+01
2.016330000000000098e+02 6.896314697265625000e+02 2.100000000000000000e+01
2.019702000000000055e+02 6.902219848632812500e+02 2.300000000000000000e+01
2.019702000000000055e+02 6.891992187500000000e+02 2.200000000000000000e+01
2.023068000000000097e+02 6.901216430664062500e+02 3.700000000000000000e+01
2.023068000000000097e+02 6.902592773437500000e+02 2.200000000000000000e+01
2.026440000000000055e+02 6.901171264648437500e+02 3.000000000000000000e+01
2.026440000000000055e+02 6.895404052734375000e+02 2.400000000000000000e+01
2.026440000000000055e+02 6.896766967773437500e+02 2.200000000000000000e+01
2.039927999999999884e+02 6.893314819335937500e+02 2.300000000000000000e+01
2.043288000000000011e+02 6.893353271484375000e+02 2.200000000000000000e+01
2.043288000000000011e+02 6.900324707031250000e+02 2.100000000000000000e+01
2.046659999999999968e+02 6.883634033203125000e+02 2.500000000000000000e+01
2.050031999999999925e+02 6.902366333007812500e+02 3.000000000000000000e+01
2.053397999999999968e+02 6.900500488281250000e+02 3.300000000000000000e+01
2.053397999999999968e+02 6.892900390625000000e+02 2.100000000000000000e+01
2.056758000000000095e+02 6.886246337890625000e+02 2.100000000000000000e+01
2.060130000000000052e+02 6.893198242187500000e+02 2.300000000000000000e+01
2.066868000000000052e+02 6.902695922851562500e+02 3.400000000000000000e+01
2.066868000000000052e+02 6.899921264648437500e+02 2.100000000000000000e+01
2.070258000000000038e+02 6.900325927734375000e+02 2.500000000000000000e+01
2.070258000000000038e+02 6.893211059570312500e+02 2.200000000000000000e+01
2.077001999999999953e+02 6.896567382812500000e+02 2.300000000000000000e+01
2.077001999999999953e+02 6.892341918945312500e+02 2.100000000000000000e+01
2.080367999999999995e+02 6.901901245117187500e+02 2.100000000000000000e+01
2.083739999999999952e+02 6.902487182617187500e+02 3.600000000000000000e+01
2.083739999999999952e+02 6.892848510742187500e+02 3.500000000000000000e+01
2.083739999999999952e+02 6.886160278320312500e+02 2.600000000000000000e+01
2.083739999999999952e+02 6.891061401367187500e+02 2.400000000000000000e+01
2.090472000000000037e+02 6.891618652343750000e+02 2.500000000000000000e+01
2.093838000000000079e+02 6.892864990234375000e+02 2.100000000000000000e+01
2.097210000000000036e+02 6.887499389648437500e+02 2.100000000000000000e+01
2.103942000000000121e+02 6.900849609375000000e+02 2.300000000000000000e+01
2.107307999999999879e+02 6.891768188476562500e+02 3.400000000000000000e+01
2.107307999999999879e+02 6.901933593750000000e+02 3.200000000000000000e+01
2.107307999999999879e+02 6.900433959960937500e+02 2.600000000000000000e+01
2.110680000000000121e+02 6.902004394531250000e+02 2.700000000000000000e+01
2.114052000000000078e+02 6.901994018554687500e+02 2.500000000000000000e+01
2.114052000000000078e+02 6.883250732421875000e+02 2.100000000000000000e+01
2.117418000000000120e+02 6.901228637695312500e+02 2.200000000000000000e+01
2.120777999999999963e+02 6.903166503906250000e+02 3.500000000000000000e+01
2.120777999999999963e+02 6.891108398437500000e+02 2.600000000000000000e+01
2.124149999999999920e+02 6.895529174804687500e+02 2.800000000000000000e+01
2.127521999999999878e+02 6.902021484375000000e+02 3.100000000000000000e+01
2.127521999999999878e+02 6.887249755859375000e+02 2.600000000000000000e+01
2.130887999999999920e+02 6.902540893554687500e+02 4.600000000000000000e+01
2.130887999999999920e+02 6.891840820312500000e+02 2.400000000000000000e+01
2.134271999999999991e+02 6.883389282226562500e+02 3.800000000000000000e+01
2.137638000000000034e+02 6.901947631835937500e+02 2.200000000000000000e+01
2.141009999999999991e+02 6.883876953125000000e+02 3.500000000000000000e+01
2.144381999999999948e+02 6.893527832031250000e+02 2.800000000000000000e+01
2.144381999999999948e+02 6.901115722656250000e+02 2.400000000000000000e+01
2.154480000000000075e+02 6.893208007812500000e+02 2.100000000000000000e+01
2.161218000000000075e+02 6.883330688476562500e+02 3.100000000000000000e+01
2.167949999999999875e+02 6.883625488281250000e+02 3.300000000000000000e+01
2.167949999999999875e+02 6.893380737304687500e+02 2.800000000000000000e+01
2.171322000000000116e+02 6.883479614257812500e+02 4.000000000000000000e+01
2.174687999999999874e+02 6.902655639648437500e+02 3.600000000000000000e+01
2.174687999999999874e+02 6.900591430664062500e+02 2.500000000000000000e+01
2.174687999999999874e+02 6.893570556640625000e+02 2.100000000000000000e+01
2.178060000000000116e+02 6.883659667968750000e+02 2.200000000000000000e+01
2.188157999999999959e+02 6.895438842773437500e+02 2.400000000000000000e+01
2.191529999999999916e+02 6.892824096679687500e+02 2.200000000000000000e+01
2.191529999999999916e+02 6.887987060546875000e+02 2.100000000000000000e+01
2.194901999999999873e+02 6.885398559570312500e+02 3.200000000000000000e+01
2.198262000000000000e+02 6.901544799804687500e+02 2.400000000000000000e+01
2.198262000000000000e+02 6.899498291015625000e+02 2.300000000000000000e+01
2.201628000000000043e+02 6.885808105468750000e+02 2.500000000000000000e+01
2.205000000000000000e+02 6.896408081054687500e+02 2.900000000000000000e+01
2.211732000000000085e+02 6.886228027343750000e+02 2.600000000000000000e+01
2.215098000000000127e+02 6.901258544921875000e+02 3.900000000000000000e+01
2.218470000000000084e+02 6.886674804687500000e+02 3.400000000000000000e+01
2.218470000000000084e+02 6.892471923828125000e+02 2.400000000000000000e+01
2.225208000000000084e+02 6.902501220703125000e+02 2.500000000000000000e+01
2.225208000000000084e+02 6.892975463867187500e+02 2.500000000000000000e+01
2.225208000000000084e+02 6.890858764648437500e+02 2.400000000000000000e+01
2.228567999999999927e+02 6.901130371093750000e+02 4.500000000000000000e+01
2.231939999999999884e+02 6.902848510742187500e+02 2.800000000000000000e+01
2.235329999999999870e+02 6.892388305664062500e+02 2.800000000000000000e+01
2.238702000000000112e+02 6.900733642578125000e+02 2.400000000000000000e+01
2.242067999999999870e+02 6.884143066406250000e+02 4.500000000000000000e+01
2.242067999999999870e+02 6.892651977539062500e+02 2.500000000000000000e+01
2.242067999999999870e+02 6.890808715820312500e+02 2.400000000000000000e+01
2.245440000000000111e+02 6.891117553710937500e+02 3.400000000000000000e+01
2.248812000000000069e+02 6.892576904296875000e+02 2.700000000000000000e+01
2.248812000000000069e+02 6.891143188476562500e+02 2.400000000000000000e+01
2.252178000000000111e+02 6.901948242187500000e+02 4.500000000000000000e+01
2.252178000000000111e+02 6.891604614257812500e+02 2.600000000000000000e+01
2.252178000000000111e+02 6.898425903320312500e+02 2.300000000000000000e+01
2.255561999999999898e+02 6.891348876953125000e+02 2.600000000000000000e+01
2.255561999999999898e+02 6.886667480468750000e+02 2.200000000000000000e+01
2.258927999999999940e+02 6.900848999023437500e+02 2.800000000000000000e+01
2.265672000000000139e+02 6.895273437500000000e+02 3.300000000000000000e+01
2.269031999999999982e+02 6.891457519531250000e+02 2.300000000000000000e+01
2.269031999999999982e+02 6.902275390625000000e+02 2.200000000000000000e+01
2.279141999999999939e+02 6.891442260742187500e+02 3.800000000000000000e+01
2.279141999999999939e+02 6.897833251953125000e+02 2.800000000000000000e+01
2.282507999999999981e+02 6.890314331054687500e+02 2.100000000000000000e+01
2.285868000000000109e+02 6.901180419921875000e+02 3.100000000000000000e+01
2.285868000000000109e+02 6.897087402343750000e+02 2.200000000000000000e+01
2.289240000000000066e+02 6.902247314453125000e+02 3.000000000000000000e+01
2.292612000000000023e+02 6.886655883789062500e+02 3.900000000000000000e+01
2.292612000000000023e+02 6.896734008789062500e+02 2.400000000000000000e+01
2.295978000000000065e+02 6.901417846679687500e+02 3.700000000000000000e+01
2.299350000000000023e+02 6.898382568359375000e+02 2.500000000000000000e+01
2.299350000000000023e+02 6.895729980468750000e+02 2.400000000000000000e+01
