2.474532000000000096e+02 7.659799194335937500e+02 2.600000000000000000e+01
2.477898000000000138e+02 7.671976318359375000e+02 4.500000000000000000e+01
2.477898000000000138e+02 7.663950805664062500e+02 2.400000000000000000e+01
2.477898000000000138e+02 7.667009887695312500e+02 2.100000000000000000e+01
2.481270000000000095e+02 7.672292480468750000e+02 2.100000000000000000e+01
2.484642000000000053e+02 7.661429443359375000e+02 3.600000000000000000e+01
2.484642000000000053e+02 7.653550415039062500e+02 2.600000000000000000e+01
2.484642000000000053e+02 7.672417602539062500e+02 2.500000000000000000e+01
2.484642000000000053e+02 7.666734619140625000e+02 2.300000000000000000e+01
2.488008000000000095e+02 7.666891479492187500e+02 2.200000000000000000e+01
2.488008000000000095e+02 7.653061523437500000e+02 2.100000000000000000e+01
2.491367999999999938e+02 7.672193603515625000e+02 2.800000000000000000e+01
2.494739999999999895e+02 7.663895263671875000e+02 2.400000000000000000e+01
2.494739999999999895e+02 7.658016357421875000e+02 2.400000000000000000e+01
2.494739999999999895e+02 7.653116455078125000e+02 2.100000000000000000e+01
2.498112000000000137e+02 7.671978759765625000e+02 4.700000000000000000e+01
2.501477999999999895e+02 7.672135620117187500e+02 4.000000000000000000e+01
2.501477999999999895e+02 7.652695922851562500e+02 3.700000000000000000e+01
2.504850000000000136e+02 7.672245483398437500e+02 5.800000000000000000e+01
2.508209999999999980e+02 7.672181396484375000e+02 5.500000000000000000e+01
2.508209999999999980e+02 7.667777099609375000e+02 2.500000000000000000e+01
2.511581999999999937e+02 7.672188110351562500e+02 4.000000000000000000e+01
2.511581999999999937e+02 7.662139892578125000e+02 2.700000000000000000e+01
2.514947999999999979e+02 7.672379150390625000e+02 2.800000000000000000e+01
2.518319999999999936e+02 7.672157592773437500e+02 3.400000000000000000e+01
2.521691999999999894e+02 7.671808471679687500e+02 3.300000000000000000e+01
2.521691999999999894e+02 7.662552490234375000e+02 2.200000000000000000e+01
2.525052000000000021e+02 7.671786499023437500e+02 5.500000000000000000e+01
2.528418000000000063e+02 7.672044677734375000e+02 3.900000000000000000e+01
2.531790000000000020e+02 7.662043457031250000e+02 3.400000000000000000e+01
2.531790000000000020e+02 7.672169799804687500e+02 2.200000000000000000e+01
2.535161999999999978e+02 7.671094360351562500e+02 4.200000000000000000e+01
2.538540000000000134e+02 7.671976318359375000e+02 3.500000000000000000e+01
2.541912000000000091e+02 7.672010498046875000e+02 4.300000000000000000e+01
2.541912000000000091e+02 7.662034301757812500e+02 3.200000000000000000e+01
2.541912000000000091e+02 7.663833618164062500e+02 2.300000000000000000e+01
2.545278000000000134e+02 7.669241943359375000e+02 3.400000000000000000e+01
2.545278000000000134e+02 7.671443481445312500e+02 3.300000000000000000e+01
2.548650000000000091e+02 7.661420898437500000e+02 3.200000000000000000e+01
2.548650000000000091e+02 7.668691406250000000e+02 2.900000000000000000e+01
2.548650000000000091e+02 7.671504516601562500e+02 2.400000000000000000e+01
2.552009999999999934e+02 7.660938720703125000e+02 3.000000000000000000e+01
2.552009999999999934e+02 7.671083374023437500e+02 2.300000000000000000e+01
2.555381999999999891e+02 7.660206909179687500e+02 3.100000000000000000e+01
2.555381999999999891e+02 7.671830444335937500e+02 2.500000000000000000e+01
2.558747999999999934e+02 7.653014526367187500e+02 4.900000000000000000e+01
2.558747999999999934e+02 7.670830078125000000e+02 2.100000000000000000e+01
2.562119999999999891e+02 7.652598266601562500e+02 4.900000000000000000e+01
2.562119999999999891e+02 7.671757202148437500e+02 4.800000000000000000e+01
2.565491999999999848e+02 7.671643066406250000e+02 2.800000000000000000e+01
2.565491999999999848e+02 7.662811889648437500e+02 2.700000000000000000e+01
2.568851999999999975e+02 7.663255004882812500e+02 3.600000000000000000e+01
2.568851999999999975e+02 7.672392578125000000e+02 3.000000000000000000e+01
2.568851999999999975e+02 7.670385742187500000e+02 2.300000000000000000e+01
2.575590000000000259e+02 7.656242065429687500e+02 3.200000000000000000e+01
2.575590000000000259e+02 7.661931152343750000e+02 2.100000000000000000e+01
2.578962000000000216e+02 7.662543945312500000e+02 2.800000000000000000e+01
2.578962000000000216e+02 7.657249755859375000e+02 2.600000000000000000e+01
2.582321999999999775e+02 7.658288574218750000e+02 3.400000000000000000e+01
2.582321999999999775e+02 7.672274780273437500e+02 2.900000000000000000e+01
2.582321999999999775e+02 7.669782104492187500e+02 2.200000000000000000e+01
2.585688000000000102e+02 7.652638549804687500e+02 2.400000000000000000e+01
2.589071999999999889e+02 7.652746582031250000e+02 2.700000000000000000e+01
2.595810000000000173e+02 7.671604614257812500e+02 2.700000000000000000e+01
2.595810000000000173e+02 7.656945800781250000e+02 2.500000000000000000e+01
2.602547999999999888e+02 7.664236450195312500e+02 3.100000000000000000e+01
2.602547999999999888e+02 7.662289428710937500e+02 2.600000000000000000e+01
2.602547999999999888e+02 7.652573852539062500e+02 2.200000000000000000e+01
2.605908000000000015e+02 7.661712646484375000e+02 2.100000000000000000e+01
2.612651999999999930e+02 7.672031250000000000e+02 2.200000000000000000e+01
2.616018000000000256e+02 7.667827758789062500e+02 2.600000000000000000e+01
2.616018000000000256e+02 7.661614990234375000e+02 2.600000000000000000e+01
2.622749999999999773e+02 7.662520751953125000e+02 5.400000000000000000e+01
2.622749999999999773e+02 7.654814453125000000e+02 2.200000000000000000e+01
2.629488000000000056e+02 7.661664428710937500e+02 4.000000000000000000e+01
2.629488000000000056e+02 7.672347412109375000e+02 2.900000000000000000e+01
2.632860000000000014e+02 7.671447753906250000e+02 3.300000000000000000e+01
2.636231999999999971e+02 7.662866821289062500e+02 2.500000000000000000e+01
2.639610000000000127e+02 7.652797851562500000e+02 2.700000000000000000e+01
2.639610000000000127e+02 7.656477050781250000e+02 2.100000000000000000e+01
2.642982000000000085e+02 7.672177124023437500e+02 4.400000000000000000e+01
2.642982000000000085e+02 7.654814453125000000e+02 3.000000000000000000e+01
2.642982000000000085e+02 7.664395751953125000e+02 2.800000000000000000e+01
2.646347999999999843e+02 7.652524414062500000e+02 4.200000000000000000e+01
2.649707999999999970e+02 7.653084716796875000e+02 3.100000000000000000e+01
2.653079999999999927e+02 7.652671508789062500e+02 3.500000000000000000e+01
2.653079999999999927e+02 7.666217651367187500e+02 2.900000000000000000e+01
2.653079999999999927e+02 7.655908203125000000e+02 2.600000000000000000e+01
2.653079999999999927e+02 7.662288208007812500e+02 2.100000000000000000e+01
2.656451999999999884e+02 7.652595825195312500e+02 2.100000000000000000e+01
2.659818000000000211e+02 7.652672729492187500e+02 4.400000000000000000e+01
2.659818000000000211e+02 7.672288208007812500e+02 2.200000000000000000e+01
2.659818000000000211e+02 7.662203369140625000e+02 2.100000000000000000e+01
2.663190000000000168e+02 7.662178344726562500e+02 3.200000000000000000e+01
2.663190000000000168e+02 7.652936401367187500e+02 3.200000000000000000e+01
2.666549999999999727e+02 7.672020263671875000e+02 2.800000000000000000e+01
2.669922000000000253e+02 7.658338012695312500e+02 2.700000000000000000e+01
2.669922000000000253e+02 7.668951416015625000e+02 2.300000000000000000e+01
2.669922000000000253e+02 7.653892822265625000e+02 2.300000000000000000e+01
2.673288000000000011e+02 7.661776733398437500e+02 2.700000000000000000e+01
2.673288000000000011e+02 7.664932250976562500e+02 2.700000000000000000e+01
2.673288000000000011e+02 7.670769653320312500e+02 2.200000000000000000e+01
2.676659999999999968e+02 7.664193725585937500e+02 3.400000000000000000e+01
2.676659999999999968e+02 7.665876464843750000e+02 3.200000000000000000e+01
2.676659999999999968e+02 7.657983398437500000e+02 2.300000000000000000e+01
2.680031999999999925e+02 7.669065551757812500e+02 4.000000000000000000e+01
2.680031999999999925e+02 7.658288574218750000e+02 2.600000000000000000e+01
2.683392000000000053e+02 7.669098510742187500e+02 5.200000000000000000e+01
2.683392000000000053e+02 7.671544189453125000e+02 2.800000000000000000e+01
2.686757999999999811e+02 7.669060058593750000e+02 6.000000000000000000e+01
2.686757999999999811e+02 7.662238769531250000e+02 3.400000000000000000e+01
2.686757999999999811e+02 7.666851806640625000e+02 3.200000000000000000e+01
2.690129999999999768e+02 7.669047851562500000e+02 3.300000000000000000e+01
2.690129999999999768e+02 7.663135375976562500e+02 2.600000000000000000e+01
2.690129999999999768e+02 7.654377441406250000e+02 2.500000000000000000e+01
2.690129999999999768e+02 7.671882324218750000e+02 2.400000000000000000e+01
2.693501999999999725e+02 7.669021606445312500e+02 5.900000000000000000e+01
2.693501999999999725e+02 7.666306762695312500e+02 3.700000000000000000e+01
2.696868000000000052e+02 7.669105834960937500e+02 8.300000000000000000e+01
2.696868000000000052e+02 7.652781372070312500e+02 3.500000000000000000e+01
2.696868000000000052e+02 7.671493530273437500e+02 2.200000000000000000e+01
2.700228000000000179e+02 7.668909912109375000e+02 4.900000000000000000e+01
2.700228000000000179e+02 7.663995971679687500e+02 4.400000000000000000e+01
2.700228000000000179e+02 7.667273559570312500e+02 2.400000000000000000e+01
2.703600000000000136e+02 7.669121704101562500e+02 9.300000000000000000e+01
2.703600000000000136e+02 7.657242431640625000e+02 3.300000000000000000e+01
2.703600000000000136e+02 7.659398803710937500e+02 3.000000000000000000e+01
2.706972000000000094e+02 7.669112548828125000e+02 7.500000000000000000e+01
2.706972000000000094e+02 7.653690795898437500e+02 3.500000000000000000e+01
2.706972000000000094e+02 7.658939819335937500e+02 3.300000000000000000e+01
2.706972000000000094e+02 7.664310302734375000e+02 2.600000000000000000e+01
2.710337999999999852e+02 7.669108276367187500e+02 7.700000000000000000e+01
2.710337999999999852e+02 7.657120361328125000e+02 2.100000000000000000e+01
2.713709999999999809e+02 7.669042358398437500e+02 4.800000000000000000e+01
2.713709999999999809e+02 7.663685302734375000e+02 3.200000000000000000e+01
2.713709999999999809e+02 7.661973266601562500e+02 2.700000000000000000e+01
2.717081999999999766e+02 7.668995361328125000e+02 3.300000000000000000e+01
2.717081999999999766e+02 7.661665649414062500e+02 2.400000000000000000e+01
2.720441999999999894e+02 7.662958984375000000e+02 2.900000000000000000e+01
2.720441999999999894e+02 7.657011718750000000e+02 2.200000000000000000e+01
2.723808000000000220e+02 7.661818237304687500e+02 3.000000000000000000e+01
2.723808000000000220e+02 7.669175415039062500e+02 3.000000000000000000e+01
2.723808000000000220e+02 7.654725341796875000e+02 2.400000000000000000e+01
2.723808000000000220e+02 7.671188964843750000e+02 2.300000000000000000e+01
2.727180000000000177e+02 7.670970458984375000e+02 6.800000000000000000e+01
2.727180000000000177e+02 7.666593017578125000e+02 3.100000000000000000e+01
2.727180000000000177e+02 7.669361572265625000e+02 2.600000000000000000e+01
2.727180000000000177e+02 7.656959228515625000e+02 2.300000000000000000e+01
2.730552000000000135e+02 7.669032592773437500e+02 4.600000000000000000e+01
2.730552000000000135e+02 7.671846923828125000e+02 3.300000000000000000e+01
2.733912000000000262e+02 7.659050903320312500e+02 5.900000000000000000e+01
2.733912000000000262e+02 7.664119262695312500e+02 3.100000000000000000e+01
2.733912000000000262e+02 7.653340454101562500e+02 2.600000000000000000e+01
2.733912000000000262e+02 7.655759887695312500e+02 2.500000000000000000e+01
2.733912000000000262e+02 7.667429199218750000e+02 2.100000000000000000e+01
2.737278000000000020e+02 7.669000854492187500e+02 5.300000000000000000e+01
2.737278000000000020e+02 7.671911621093750000e+02 3.400000000000000000e+01
2.737278000000000020e+02 7.653867797851562500e+02 2.100000000000000000e+01
2.740668000000000006e+02 7.662357177734375000e+02 4.300000000000000000e+01
2.740668000000000006e+02 7.672428588867187500e+02 2.600000000000000000e+01
2.740668000000000006e+02 7.659443969726562500e+02 2.300000000000000000e+01
2.740668000000000006e+02 7.655805053710937500e+02 2.200000000000000000e+01
2.740668000000000006e+02 7.657460937500000000e+02 2.100000000000000000e+01
2.744039999999999964e+02 7.662322387695312500e+02 3.200000000000000000e+01
2.744039999999999964e+02 7.671593627929687500e+02 2.700000000000000000e+01
2.747400000000000091e+02 7.661672363281250000e+02 3.500000000000000000e+01
2.750772000000000048e+02 7.658569946289062500e+02 2.900000000000000000e+01
2.750772000000000048e+02 7.669147949218750000e+02 2.200000000000000000e+01
2.750772000000000048e+02 7.662224731445312500e+02 2.100000000000000000e+01
2.757522000000000162e+02 7.662461547851562500e+02 3.400000000000000000e+01
2.757522000000000162e+02 7.671322631835937500e+02 2.600000000000000000e+01
2.757522000000000162e+02 7.659038696289062500e+02 2.100000000000000000e+01
2.757522000000000162e+02 7.666870727539062500e+02 2.100000000000000000e+01
2.760887999999999920e+02 7.653446044921875000e+02 3.600000000000000000e+01
2.760887999999999920e+02 7.668435668945312500e+02 2.400000000000000000e+01
2.764259999999999877e+02 7.671849365234375000e+02 2.700000000000000000e+01
2.767631999999999834e+02 7.654119262695312500e+02 3.300000000000000000e+01
2.767631999999999834e+02 7.661395874023437500e+02 2.500000000000000000e+01
2.767631999999999834e+02 7.663221435546875000e+02 2.200000000000000000e+01
2.767631999999999834e+02 7.672417602539062500e+02 2.100000000000000000e+01
