2.578962000000000216e+02 8.841307983398437500e+02 2.100000000000000000e+01
2.595810000000000173e+02 8.846534423828125000e+02 2.100000000000000000e+01
2.595810000000000173e+02 8.851099243164062500e+02 2.100000000000000000e+01
2.602547999999999888e+02 8.842760620117187500e+02 3.000000000000000000e+01
2.616018000000000256e+02 8.842214355468750000e+02 2.200000000000000000e+01
2.619390000000000214e+02 8.856599731445312500e+02 2.100000000000000000e+01
2.622749999999999773e+02 8.859372558593750000e+02 3.400000000000000000e+01
2.626121999999999730e+02 8.851507568359375000e+02 2.100000000000000000e+01
2.636231999999999971e+02 8.842144775390625000e+02 2.500000000000000000e+01
2.639610000000000127e+02 8.849212646484375000e+02 2.400000000000000000e+01
2.639610000000000127e+02 8.842503662109375000e+02 2.100000000000000000e+01
2.642982000000000085e+02 8.849360351562500000e+02 2.700000000000000000e+01
2.642982000000000085e+02 8.844169921875000000e+02 2.300000000000000000e+01
2.646347999999999843e+02 8.842565917968750000e+02 2.400000000000000000e+01
2.649707999999999970e+02 8.852395629882812500e+02 3.600000000000000000e+01
2.649707999999999970e+02 8.842323608398437500e+02 2.800000000000000000e+01
2.653079999999999927e+02 8.842527465820312500e+02 4.100000000000000000e+01
2.653079999999999927e+02 8.849013061523437500e+02 2.200000000000000000e+01
2.653079999999999927e+02 8.852343750000000000e+02 2.200000000000000000e+01
2.656451999999999884e+02 8.842465209960937500e+02 8.000000000000000000e+01
2.656451999999999884e+02 8.845159301757812500e+02 3.900000000000000000e+01
2.656451999999999884e+02 8.852443847656250000e+02 3.000000000000000000e+01
2.656451999999999884e+02 8.858103027343750000e+02 2.400000000000000000e+01
2.659818000000000211e+02 8.842561645507812500e+02 8.600000000000000000e+01
2.659818000000000211e+02 8.852269897460937500e+02 6.400000000000000000e+01
2.663190000000000168e+02 8.842403564453125000e+02 8.700000000000000000e+01
2.663190000000000168e+02 8.852578735351562500e+02 2.500000000000000000e+01
2.663190000000000168e+02 8.857431640625000000e+02 2.400000000000000000e+01
2.666549999999999727e+02 8.842529296875000000e+02 7.300000000000000000e+01
2.666549999999999727e+02 8.852516479492187500e+02 5.100000000000000000e+01
2.666549999999999727e+02 8.854657592773437500e+02 3.100000000000000000e+01
2.666549999999999727e+02 8.847158203125000000e+02 2.200000000000000000e+01
2.666549999999999727e+02 8.850777587890625000e+02 2.200000000000000000e+01
2.669922000000000253e+02 8.842435913085937500e+02 6.400000000000000000e+01
2.669922000000000253e+02 8.852256469726562500e+02 3.900000000000000000e+01
2.669922000000000253e+02 8.844205322265625000e+02 3.000000000000000000e+01
2.673288000000000011e+02 8.858083496093750000e+02 2.800000000000000000e+01
2.673288000000000011e+02 8.852612304687500000e+02 2.700000000000000000e+01
2.673288000000000011e+02 8.842605590820312500e+02 2.100000000000000000e+01
2.676659999999999968e+02 8.842346191406250000e+02 2.800000000000000000e+01
2.680031999999999925e+02 8.857538452148437500e+02 2.300000000000000000e+01
2.680031999999999925e+02 8.842229003906250000e+02 2.200000000000000000e+01
2.683392000000000053e+02 8.858461914062500000e+02 2.300000000000000000e+01
2.686757999999999811e+02 8.842508544921875000e+02 2.700000000000000000e+01
2.690129999999999768e+02 8.848474121093750000e+02 2.100000000000000000e+01
2.693501999999999725e+02 8.851508789062500000e+02 3.700000000000000000e+01
2.696868000000000052e+02 8.843966064453125000e+02 2.700000000000000000e+01
2.700228000000000179e+02 8.858348388671875000e+02 3.900000000000000000e+01
2.700228000000000179e+02 8.852668457031250000e+02 2.500000000000000000e+01
2.700228000000000179e+02 8.843156738281250000e+02 2.400000000000000000e+01
2.700228000000000179e+02 8.845556640625000000e+02 2.200000000000000000e+01
2.706972000000000094e+02 8.856975097656250000e+02 3.100000000000000000e+01
2.706972000000000094e+02 8.853305664062500000e+02 2.200000000000000000e+01
2.710337999999999852e+02 8.843174438476562500e+02 2.700000000000000000e+01
2.710337999999999852e+02 8.854067993164062500e+02 2.400000000000000000e+01
2.713709999999999809e+02 8.854044189453125000e+02 3.800000000000000000e+01
2.713709999999999809e+02 8.844230346679687500e+02 3.400000000000000000e+01
2.717081999999999766e+02 8.856442871093750000e+02 2.200000000000000000e+01
2.720441999999999894e+02 8.842555541992187500e+02 4.100000000000000000e+01
2.720441999999999894e+02 8.856898193359375000e+02 3.700000000000000000e+01
2.720441999999999894e+02 8.852103881835937500e+02 2.600000000000000000e+01
2.723808000000000220e+02 8.842462158203125000e+02 5.400000000000000000e+01
2.723808000000000220e+02 8.852374267578125000e+02 2.900000000000000000e+01
2.723808000000000220e+02 8.857286987304687500e+02 2.300000000000000000e+01
2.727180000000000177e+02 8.850891113281250000e+02 4.000000000000000000e+01
2.727180000000000177e+02 8.842639770507812500e+02 3.100000000000000000e+01
2.730552000000000135e+02 8.842459716796875000e+02 5.700000000000000000e+01
2.733912000000000262e+02 8.842579345703125000e+02 6.400000000000000000e+01
2.733912000000000262e+02 8.852807617187500000e+02 5.100000000000000000e+01
2.733912000000000262e+02 8.855668334960937500e+02 3.400000000000000000e+01
2.733912000000000262e+02 8.858038940429687500e+02 2.700000000000000000e+01
2.737278000000000020e+02 8.842551269531250000e+02 1.110000000000000000e+02
2.737278000000000020e+02 8.852604980468750000e+02 6.300000000000000000e+01
2.740668000000000006e+02 8.842365112304687500e+02 6.700000000000000000e+01
2.740668000000000006e+02 8.852646484375000000e+02 5.600000000000000000e+01
2.744039999999999964e+02 8.842493286132812500e+02 6.700000000000000000e+01
2.747400000000000091e+02 8.842379760742187500e+02 6.200000000000000000e+01
2.747400000000000091e+02 8.852630004882812500e+02 4.300000000000000000e+01
2.750772000000000048e+02 8.842523193359375000e+02 4.500000000000000000e+01
2.750772000000000048e+02 8.852705688476562500e+02 4.000000000000000000e+01
2.750772000000000048e+02 8.855718994140625000e+02 2.300000000000000000e+01
2.754150000000000205e+02 8.842369384765625000e+02 6.300000000000000000e+01
2.754150000000000205e+02 8.852486572265625000e+02 5.000000000000000000e+01
2.754150000000000205e+02 8.859761352539062500e+02 2.100000000000000000e+01
2.757522000000000162e+02 8.842576293945312500e+02 4.400000000000000000e+01
2.760887999999999920e+02 8.842472534179687500e+02 2.300000000000000000e+01
2.760887999999999920e+02 8.847788696289062500e+02 2.200000000000000000e+01
2.767631999999999834e+02 8.842545166015625000e+02 4.600000000000000000e+01
2.770998000000000161e+02 8.842326660156250000e+02 2.700000000000000000e+01
2.774370000000000118e+02 8.842261352539062500e+02 2.700000000000000000e+01
2.777730000000000246e+02 8.852736816406250000e+02 3.100000000000000000e+01
2.781102000000000203e+02 8.852696533203125000e+02 2.300000000000000000e+01
2.784467999999999961e+02 8.842391357421875000e+02 4.200000000000000000e+01
2.784467999999999961e+02 8.854035644531250000e+02 2.100000000000000000e+01
2.784467999999999961e+02 8.847593383789062500e+02 2.100000000000000000e+01
2.787839999999999918e+02 8.854254150390625000e+02 3.200000000000000000e+01
2.791211999999999875e+02 8.855341796875000000e+02 2.100000000000000000e+01
2.794572000000000003e+02 8.842635498046875000e+02 3.300000000000000000e+01
2.797937999999999761e+02 8.842380981445312500e+02 3.000000000000000000e+01
2.804682000000000244e+02 8.842667846679687500e+02 2.700000000000000000e+01
2.808048000000000002e+02 8.841921997070312500e+02 3.400000000000000000e+01
2.811408000000000129e+02 8.842673339843750000e+02 2.400000000000000000e+01
2.814780000000000086e+02 8.842450561523437500e+02 4.300000000000000000e+01
2.818152000000000044e+02 8.842295532226562500e+02 3.800000000000000000e+01
2.821517999999999802e+02 8.852131958007812500e+02 3.500000000000000000e+01
2.824889999999999759e+02 8.842453613281250000e+02 5.200000000000000000e+01
2.828249999999999886e+02 8.842400512695312500e+02 6.700000000000000000e+01
2.828249999999999886e+02 8.852506103515625000e+02 3.800000000000000000e+01
2.828249999999999886e+02 8.846566772460937500e+02 2.300000000000000000e+01
2.831621999999999844e+02 8.842418212890625000e+02 7.200000000000000000e+01
2.831621999999999844e+02 8.852513427734375000e+02 2.400000000000000000e+01
2.834988000000000170e+02 8.842387084960937500e+02 6.000000000000000000e+01
2.834988000000000170e+02 8.844905395507812500e+02 2.300000000000000000e+01
2.838360000000000127e+02 8.852802734375000000e+02 2.700000000000000000e+01
2.838360000000000127e+02 8.856507568359375000e+02 2.500000000000000000e+01
2.841738000000000284e+02 8.852412719726562500e+02 4.200000000000000000e+01
2.841738000000000284e+02 8.842382812500000000e+02 3.600000000000000000e+01
2.845110000000000241e+02 8.842630615234375000e+02 2.800000000000000000e+01
2.848482000000000198e+02 8.842327880859375000e+02 4.400000000000000000e+01
2.848482000000000198e+02 8.845600585937500000e+02 2.800000000000000000e+01
2.851841999999999757e+02 8.842320556640625000e+02 2.100000000000000000e+01
2.861951999999999998e+02 8.842283325195312500e+02 3.500000000000000000e+01
2.868677999999999884e+02 8.852794189453125000e+02 2.400000000000000000e+01
2.872049999999999841e+02 8.842115478515625000e+02 2.900000000000000000e+01
