2.787839999999999918e+02 7.021497192382812500e+02 3.700000000000000000e+01
2.787839999999999918e+02 7.001914672851562500e+02 3.700000000000000000e+01
2.787839999999999918e+02 7.012528076171875000e+02 3.100000000000000000e+01
2.787839999999999918e+02 7.010186157226562500e+02 2.100000000000000000e+01
2.791211999999999875e+02 7.012205810546875000e+02 4.400000000000000000e+01
2.791211999999999875e+02 7.017701416015625000e+02 3.000000000000000000e+01
2.791211999999999875e+02 7.002271728515625000e+02 3.000000000000000000e+01
2.794572000000000003e+02 7.012392578125000000e+02 5.600000000000000000e+01
2.794572000000000003e+02 7.003020019531250000e+02 3.700000000000000000e+01
2.794572000000000003e+02 7.015376586914062500e+02 3.000000000000000000e+01
2.794572000000000003e+02 7.006322631835937500e+02 2.900000000000000000e+01
2.794572000000000003e+02 7.018942871093750000e+02 2.900000000000000000e+01
2.797937999999999761e+02 7.008628540039062500e+02 3.300000000000000000e+01
2.797937999999999761e+02 7.010821533203125000e+02 3.000000000000000000e+01
2.797937999999999761e+02 7.012456665039062500e+02 3.000000000000000000e+01
2.797937999999999761e+02 7.016439819335937500e+02 2.700000000000000000e+01
2.797937999999999761e+02 7.019672851562500000e+02 2.600000000000000000e+01
2.797937999999999761e+02 7.018142089843750000e+02 2.400000000000000000e+01
2.797937999999999761e+02 7.003558959960937500e+02 2.300000000000000000e+01
2.801309999999999718e+02 7.013576660156250000e+02 3.200000000000000000e+01
2.801309999999999718e+02 7.002428588867187500e+02 2.700000000000000000e+01
2.801309999999999718e+02 7.011137084960937500e+02 2.300000000000000000e+01
2.804682000000000244e+02 7.003232421875000000e+02 4.200000000000000000e+01
2.804682000000000244e+02 7.020160522460937500e+02 2.900000000000000000e+01
2.804682000000000244e+02 7.013515014648437500e+02 2.800000000000000000e+01
2.808048000000000002e+02 7.002821655273437500e+02 2.600000000000000000e+01
2.808048000000000002e+02 7.010447387695312500e+02 2.300000000000000000e+01
2.808048000000000002e+02 7.021155395507812500e+02 2.200000000000000000e+01
2.811408000000000129e+02 7.011457519531250000e+02 5.500000000000000000e+01
2.811408000000000129e+02 7.015488281250000000e+02 4.500000000000000000e+01
2.814780000000000086e+02 7.003956298828125000e+02 5.200000000000000000e+01
2.814780000000000086e+02 7.001812744140625000e+02 3.400000000000000000e+01
2.814780000000000086e+02 7.008314819335937500e+02 2.600000000000000000e+01
2.814780000000000086e+02 7.014204711914062500e+02 2.300000000000000000e+01
2.818152000000000044e+02 7.012332153320312500e+02 2.800000000000000000e+01
2.818152000000000044e+02 7.002741699218750000e+02 2.800000000000000000e+01
2.818152000000000044e+02 7.013936157226562500e+02 2.500000000000000000e+01
2.821517999999999802e+02 7.002647094726562500e+02 4.200000000000000000e+01
2.821517999999999802e+02 7.005768432617187500e+02 3.800000000000000000e+01
2.821517999999999802e+02 7.012275390625000000e+02 2.200000000000000000e+01
2.824889999999999759e+02 7.002606811523437500e+02 4.100000000000000000e+01
2.824889999999999759e+02 7.012573242187500000e+02 2.400000000000000000e+01
2.828249999999999886e+02 7.002659301757812500e+02 3.800000000000000000e+01
2.828249999999999886e+02 7.010457153320312500e+02 2.200000000000000000e+01
2.831621999999999844e+02 7.006106567382812500e+02 3.800000000000000000e+01
2.831621999999999844e+02 7.011182861328125000e+02 3.200000000000000000e+01
2.831621999999999844e+02 7.002266845703125000e+02 3.100000000000000000e+01
2.834988000000000170e+02 7.012010498046875000e+02 4.900000000000000000e+01
2.834988000000000170e+02 7.002871704101562500e+02 2.500000000000000000e+01
2.834988000000000170e+02 7.010502319335937500e+02 2.400000000000000000e+01
2.838360000000000127e+02 7.011337890625000000e+02 2.800000000000000000e+01
2.838360000000000127e+02 7.006741333007812500e+02 2.400000000000000000e+01
2.841738000000000284e+02 7.011403808593750000e+02 4.500000000000000000e+01
2.841738000000000284e+02 7.021322631835937500e+02 2.900000000000000000e+01
2.845110000000000241e+02 7.011369628906250000e+02 9.000000000000000000e+01
2.845110000000000241e+02 7.019663696289062500e+02 3.700000000000000000e+01
2.845110000000000241e+02 7.021228027343750000e+02 2.400000000000000000e+01
2.848482000000000198e+02 7.011605834960937500e+02 4.400000000000000000e+01
2.848482000000000198e+02 7.002028808593750000e+02 3.900000000000000000e+01
2.848482000000000198e+02 7.014609375000000000e+02 2.800000000000000000e+01
2.848482000000000198e+02 7.017276611328125000e+02 2.300000000000000000e+01
2.851841999999999757e+02 7.011261596679687500e+02 5.100000000000000000e+01
2.851841999999999757e+02 7.009486694335937500e+02 4.500000000000000000e+01
2.855208000000000084e+02 7.011436157226562500e+02 1.090000000000000000e+02
2.855208000000000084e+02 7.002091064453125000e+02 2.600000000000000000e+01
2.858580000000000041e+02 7.011403808593750000e+02 1.000000000000000000e+02
2.858580000000000041e+02 7.021381225585937500e+02 5.300000000000000000e+01
2.858580000000000041e+02 7.002479248046875000e+02 2.900000000000000000e+01
2.858580000000000041e+02 7.007174682617187500e+02 2.300000000000000000e+01
2.861951999999999998e+02 7.021380615234375000e+02 8.600000000000000000e+01
2.861951999999999998e+02 7.011283569335937500e+02 8.500000000000000000e+01
2.861951999999999998e+02 7.002449340820312500e+02 4.200000000000000000e+01
2.865317999999999756e+02 7.011427001953125000e+02 9.800000000000000000e+01
2.865317999999999756e+02 7.021619262695312500e+02 3.000000000000000000e+01
2.865317999999999756e+02 7.015657348632812500e+02 2.600000000000000000e+01
2.865317999999999756e+02 7.002312622070312500e+02 2.600000000000000000e+01
2.868677999999999884e+02 7.011414184570312500e+02 1.150000000000000000e+02
2.868677999999999884e+02 7.021251220703125000e+02 4.300000000000000000e+01
2.868677999999999884e+02 7.017006835937500000e+02 3.700000000000000000e+01
2.868677999999999884e+02 7.002465820312500000e+02 2.600000000000000000e+01
2.868677999999999884e+02 7.007247314453125000e+02 2.500000000000000000e+01
2.872049999999999841e+02 7.011416625976562500e+02 8.100000000000000000e+01
2.872049999999999841e+02 7.002357177734375000e+02 3.600000000000000000e+01
2.872049999999999841e+02 7.007482910156250000e+02 2.400000000000000000e+01
2.875421999999999798e+02 7.011436157226562500e+02 9.700000000000000000e+01
2.875421999999999798e+02 7.002772216796875000e+02 2.600000000000000000e+01
2.878788000000000125e+02 7.011424560546875000e+02 9.400000000000000000e+01
2.878788000000000125e+02 7.002266235351562500e+02 4.200000000000000000e+01
2.882160000000000082e+02 7.011371459960937500e+02 5.900000000000000000e+01
2.882160000000000082e+02 7.006862182617187500e+02 2.600000000000000000e+01
2.882160000000000082e+02 7.021463623046875000e+02 2.500000000000000000e+01
2.882160000000000082e+02 7.003317871093750000e+02 2.500000000000000000e+01
2.885520000000000209e+02 7.012159423828125000e+02 4.700000000000000000e+01
2.885520000000000209e+02 7.014929809570312500e+02 3.500000000000000000e+01
2.885520000000000209e+02 7.002163085937500000e+02 2.800000000000000000e+01
2.885520000000000209e+02 7.018690795898437500e+02 2.600000000000000000e+01
2.888892000000000166e+02 7.011300048828125000e+02 5.000000000000000000e+01
2.888892000000000166e+02 7.012647705078125000e+02 2.800000000000000000e+01
2.888892000000000166e+02 7.002666015625000000e+02 2.600000000000000000e+01
2.888892000000000166e+02 7.006834106445312500e+02 2.100000000000000000e+01
2.892257999999999925e+02 7.011594238281250000e+02 6.700000000000000000e+01
2.892257999999999925e+02 7.002473754882812500e+02 4.400000000000000000e+01
2.892257999999999925e+02 7.016290893554687500e+02 2.200000000000000000e+01
2.895629999999999882e+02 7.002304077148437500e+02 4.100000000000000000e+01
2.895629999999999882e+02 7.015466308593750000e+02 3.600000000000000000e+01
2.895629999999999882e+02 7.011589355468750000e+02 2.700000000000000000e+01
2.895629999999999882e+02 7.004107055664062500e+02 2.200000000000000000e+01
2.899001999999999839e+02 7.011406250000000000e+02 5.500000000000000000e+01
2.899001999999999839e+02 7.002649536132812500e+02 2.500000000000000000e+01
2.902361999999999966e+02 7.011312255859375000e+02 5.100000000000000000e+01
2.902361999999999966e+02 7.002039184570312500e+02 2.100000000000000000e+01
2.905727999999999724e+02 7.011486816406250000e+02 5.800000000000000000e+01
2.905727999999999724e+02 7.014294433593750000e+02 3.000000000000000000e+01
2.905727999999999724e+02 7.005413818359375000e+02 2.700000000000000000e+01
2.905727999999999724e+02 7.007773437500000000e+02 2.400000000000000000e+01
2.905727999999999724e+02 7.002664794921875000e+02 2.100000000000000000e+01
2.909100000000000250e+02 7.011515502929687500e+02 2.900000000000000000e+01
2.909100000000000250e+02 7.002689819335937500e+02 2.600000000000000000e+01
2.909100000000000250e+02 7.017023925781250000e+02 2.100000000000000000e+01
2.912472000000000207e+02 7.012796020507812500e+02 3.500000000000000000e+01
2.912472000000000207e+02 7.006838989257812500e+02 3.000000000000000000e+01
2.912472000000000207e+02 7.010575561523437500e+02 2.900000000000000000e+01
2.912472000000000207e+02 7.014947509765625000e+02 2.500000000000000000e+01
2.912472000000000207e+02 7.002399902343750000e+02 2.300000000000000000e+01
2.915837999999999965e+02 7.021396484375000000e+02 2.900000000000000000e+01
2.915837999999999965e+02 7.013241577148437500e+02 2.900000000000000000e+01
2.915837999999999965e+02 7.007489013671875000e+02 2.600000000000000000e+01
2.915837999999999965e+02 7.011483764648437500e+02 2.600000000000000000e+01
2.919209999999999923e+02 7.012205810546875000e+02 4.900000000000000000e+01
2.919209999999999923e+02 7.002791137695312500e+02 2.400000000000000000e+01
2.922581999999999880e+02 7.011662597656250000e+02 2.500000000000000000e+01
2.922581999999999880e+02 7.002576293945312500e+02 2.300000000000000000e+01
2.925948000000000206e+02 7.011195678710937500e+02 5.200000000000000000e+01
2.929320000000000164e+02 7.013085327148437500e+02 5.300000000000000000e+01
2.929320000000000164e+02 7.015451049804687500e+02 4.700000000000000000e+01
2.929320000000000164e+02 7.002430419921875000e+02 2.500000000000000000e+01
2.932692000000000121e+02 7.011224365234375000e+02 6.900000000000000000e+01
2.932692000000000121e+02 7.001760253906250000e+02 3.100000000000000000e+01
2.932692000000000121e+02 7.008321533203125000e+02 2.400000000000000000e+01
2.936057999999999879e+02 7.001658935546875000e+02 2.320000000000000000e+02
2.936057999999999879e+02 7.006555175781250000e+02 1.480000000000000000e+02
2.936057999999999879e+02 7.011657714843750000e+02 8.400000000000000000e+01
2.936057999999999879e+02 7.016460571289062500e+02 4.000000000000000000e+01
2.939429999999999836e+02 7.006503906250000000e+02 9.800000000000000000e+02
2.939429999999999836e+02 7.011525268554687500e+02 4.160000000000000000e+02
2.939429999999999836e+02 7.016495361328125000e+02 1.080000000000000000e+02
2.942807999999999993e+02 7.006488037109375000e+02 1.770000000000000000e+03
2.942807999999999993e+02 7.011517944335937500e+02 9.070000000000000000e+02
2.942807999999999993e+02 7.016542358398437500e+02 4.060000000000000000e+02
2.942807999999999993e+02 7.021580200195312500e+02 2.300000000000000000e+02
2.942807999999999993e+02 7.019809570312500000e+02 2.800000000000000000e+01
2.946179999999999950e+02 7.006492919921875000e+02 2.329000000000000000e+03
2.946179999999999950e+02 7.011494140625000000e+02 1.149000000000000000e+03
2.946179999999999950e+02 7.016514892578125000e+02 3.790000000000000000e+02
2.946179999999999950e+02 7.021436767578125000e+02 3.190000000000000000e+02
2.946179999999999950e+02 7.013677368164062500e+02 7.100000000000000000e+01
2.946179999999999950e+02 7.018828735351562500e+02 6.300000000000000000e+01
2.949551999999999907e+02 7.006499023437500000e+02 2.045000000000000000e+03
2.949551999999999907e+02 7.011536254882812500e+02 1.078000000000000000e+03
2.949551999999999907e+02 7.016513671875000000e+02 4.210000000000000000e+02
2.949551999999999907e+02 7.021467895507812500e+02 2.210000000000000000e+02
2.949551999999999907e+02 7.018823852539062500e+02 4.500000000000000000e+01
2.952918000000000234e+02 7.006458740234375000e+02 2.238000000000000000e+03
2.952918000000000234e+02 7.011501464843750000e+02 9.410000000000000000e+02
2.952918000000000234e+02 7.016442260742187500e+02 3.640000000000000000e+02
2.952918000000000234e+02 7.021381225585937500e+02 3.140000000000000000e+02
2.952918000000000234e+02 7.013554687500000000e+02 5.800000000000000000e+01
2.952918000000000234e+02 7.018556518554687500e+02 5.100000000000000000e+01
2.956277999999999793e+02 7.006497802734375000e+02 2.290000000000000000e+03
2.956277999999999793e+02 7.011508178710937500e+02 7.650000000000000000e+02
2.956277999999999793e+02 7.016423950195312500e+02 2.400000000000000000e+02
2.956277999999999793e+02 7.021472778320312500e+02 2.180000000000000000e+02
2.956277999999999793e+02 7.013450927734375000e+02 9.600000000000000000e+01
2.956277999999999793e+02 7.018566894531250000e+02 5.000000000000000000e+01
2.959649999999999750e+02 7.006506347656250000e+02 2.291000000000000000e+03
2.959649999999999750e+02 7.011488647460937500e+02 8.920000000000000000e+02
2.959649999999999750e+02 7.016496582031250000e+02 3.330000000000000000e+02
2.959649999999999750e+02 7.021520385742187500e+02 2.040000000000000000e+02
2.959649999999999750e+02 7.008895874023437500e+02 1.180000000000000000e+02
2.959649999999999750e+02 7.018617553710937500e+02 4.100000000000000000e+01
2.963022000000000276e+02 7.006495971679687500e+02 2.056000000000000000e+03
2.963022000000000276e+02 7.011536254882812500e+02 1.014000000000000000e+03
2.963022000000000276e+02 7.016501464843750000e+02 3.520000000000000000e+02
2.963022000000000276e+02 7.021579589843750000e+02 2.530000000000000000e+02
2.963022000000000276e+02 7.008690185546875000e+02 1.420000000000000000e+02
2.966388000000000034e+02 7.006467895507812500e+02 2.272000000000000000e+03
2.966388000000000034e+02 7.011484985351562500e+02 1.146000000000000000e+03
2.966388000000000034e+02 7.016492309570312500e+02 3.960000000000000000e+02
2.966388000000000034e+02 7.021456909179687500e+02 3.420000000000000000e+02
2.966388000000000034e+02 7.008886718750000000e+02 1.130000000000000000e+02
2.966388000000000034e+02 7.019102783203125000e+02 2.800000000000000000e+01
2.969759999999999991e+02 7.006460571289062500e+02 2.541000000000000000e+03
2.969759999999999991e+02 7.011491699218750000e+02 1.081000000000000000e+03
2.969759999999999991e+02 7.016530761718750000e+02 3.500000000000000000e+02
2.969759999999999991e+02 7.021503906250000000e+02 2.580000000000000000e+02
2.969759999999999991e+02 7.019389648437500000e+02 2.600000000000000000e+01
2.973120000000000118e+02 7.006483764648437500e+02 2.733000000000000000e+03
2.973120000000000118e+02 7.011476440429687500e+02 1.522000000000000000e+03
2.973120000000000118e+02 7.016522827148437500e+02 4.120000000000000000e+02
2.973120000000000118e+02 7.021500854492187500e+02 2.790000000000000000e+02
2.976492000000000075e+02 7.006481933593750000e+02 2.811000000000000000e+03
2.976492000000000075e+02 7.011518554687500000e+02 1.049000000000000000e+03
2.976492000000000075e+02 7.016480712890625000e+02 4.530000000000000000e+02
2.976492000000000075e+02 7.021501464843750000e+02 3.960000000000000000e+02
2.976492000000000075e+02 7.018701782226562500e+02 2.800000000000000000e+01
2.979857999999999834e+02 7.006476440429687500e+02 2.579000000000000000e+03
2.979857999999999834e+02 7.011504516601562500e+02 1.255000000000000000e+03
2.979857999999999834e+02 7.016553344726562500e+02 4.020000000000000000e+02
2.979857999999999834e+02 7.021538085937500000e+02 3.390000000000000000e+02
2.983229999999999791e+02 7.006483764648437500e+02 2.884000000000000000e+03
2.983229999999999791e+02 7.011475830078125000e+02 1.406000000000000000e+03
2.983229999999999791e+02 7.016550903320312500e+02 4.890000000000000000e+02
2.983229999999999791e+02 7.021479492187500000e+02 3.240000000000000000e+02
2.986601999999999748e+02 7.006470947265625000e+02 2.800000000000000000e+03
2.986601999999999748e+02 7.011481323242187500e+02 1.412000000000000000e+03
2.986601999999999748e+02 7.016535644531250000e+02 4.020000000000000000e+02
2.986601999999999748e+02 7.021468505859375000e+02 3.750000000000000000e+02
2.989968000000000075e+02 7.006512451171875000e+02 2.360000000000000000e+03
2.989968000000000075e+02 7.011502075195312500e+02 1.244000000000000000e+03
2.989968000000000075e+02 7.016494750976562500e+02 4.760000000000000000e+02
2.989968000000000075e+02 7.021517944335937500e+02 3.370000000000000000e+02
2.993328000000000202e+02 7.006500854492187500e+02 2.577000000000000000e+03
2.993328000000000202e+02 7.011506958007812500e+02 1.475000000000000000e+03
2.993328000000000202e+02 7.016476440429687500e+02 4.480000000000000000e+02
2.993328000000000202e+02 7.021411743164062500e+02 3.570000000000000000e+02
2.996700000000000159e+02 7.006484375000000000e+02 2.526000000000000000e+03
2.996700000000000159e+02 7.011530151367187500e+02 1.276000000000000000e+03
2.996700000000000159e+02 7.021448974609375000e+02 4.890000000000000000e+02
2.996700000000000159e+02 7.016478881835937500e+02 4.700000000000000000e+02
2.996700000000000159e+02 7.018963012695312500e+02 6.000000000000000000e+01
3.000072000000000116e+02 7.006496582031250000e+02 2.669000000000000000e+03
3.000072000000000116e+02 7.011501464843750000e+02 1.129000000000000000e+03
3.000072000000000116e+02 7.021530761718750000e+02 3.860000000000000000e+02
3.000072000000000116e+02 7.016505737304687500e+02 3.440000000000000000e+02
3.000072000000000116e+02 7.013562622070312500e+02 9.900000000000000000e+01
3.003437999999999874e+02 7.006475219726562500e+02 1.778000000000000000e+03
3.003437999999999874e+02 7.011491699218750000e+02 9.490000000000000000e+02
3.003437999999999874e+02 7.021413574218750000e+02 3.110000000000000000e+02
3.003437999999999874e+02 7.016457519531250000e+02 3.000000000000000000e+02
3.006809999999999832e+02 7.006488647460937500e+02 1.273000000000000000e+03
3.006809999999999832e+02 7.011516113281250000e+02 7.100000000000000000e+02
3.006809999999999832e+02 7.021455078125000000e+02 3.400000000000000000e+02
3.006809999999999832e+02 7.016531982421875000e+02 2.620000000000000000e+02
3.010169999999999959e+02 7.006488037109375000e+02 9.470000000000000000e+02
3.010169999999999959e+02 7.011416625976562500e+02 5.250000000000000000e+02
3.010169999999999959e+02 7.016542358398437500e+02 2.290000000000000000e+02
3.010169999999999959e+02 7.021641845703125000e+02 2.050000000000000000e+02
3.013541999999999916e+02 7.006487426757812500e+02 6.000000000000000000e+02
3.013541999999999916e+02 7.011404418945312500e+02 3.600000000000000000e+02
3.013541999999999916e+02 7.021384887695312500e+02 2.080000000000000000e+02
3.013541999999999916e+02 7.016394042968750000e+02 1.190000000000000000e+02
3.013541999999999916e+02 7.019630737304687500e+02 3.300000000000000000e+01
3.016908000000000243e+02 7.006510620117187500e+02 4.570000000000000000e+02
3.016908000000000243e+02 7.011517944335937500e+02 3.630000000000000000e+02
3.016908000000000243e+02 7.021632080078125000e+02 1.320000000000000000e+02
3.016908000000000243e+02 7.016502685546875000e+02 6.200000000000000000e+01
3.016908000000000243e+02 7.009028320312500000e+02 4.200000000000000000e+01
3.020280000000000200e+02 7.011423950195312500e+02 3.000000000000000000e+02
3.020280000000000200e+02 7.006381225585937500e+02 2.380000000000000000e+02
3.020280000000000200e+02 7.021396484375000000e+02 8.500000000000000000e+01
3.020280000000000200e+02 7.016503295898437500e+02 7.000000000000000000e+01
3.023652000000000157e+02 7.001930541992187500e+02 1.880000000000000000e+02
3.023652000000000157e+02 7.011461791992187500e+02 1.170000000000000000e+02
3.023652000000000157e+02 7.006624145507812500e+02 9.300000000000000000e+01
3.023652000000000157e+02 7.021431274414062500e+02 5.000000000000000000e+01
3.023652000000000157e+02 7.016968383789062500e+02 2.300000000000000000e+01
3.023652000000000157e+02 7.004423217773437500e+02 2.300000000000000000e+01
3.027011999999999716e+02 7.011339721679687500e+02 1.410000000000000000e+02
3.027011999999999716e+02 7.021350097656250000e+02 8.600000000000000000e+01
3.027011999999999716e+02 7.002183227539062500e+02 7.000000000000000000e+01
3.027011999999999716e+02 7.017363281250000000e+02 4.100000000000000000e+01
3.027011999999999716e+02 7.006345825195312500e+02 2.900000000000000000e+01
3.027011999999999716e+02 7.008032226562500000e+02 2.400000000000000000e+01
3.030378000000000043e+02 7.011295776367187500e+02 1.150000000000000000e+02
3.030378000000000043e+02 7.001723632812500000e+02 4.600000000000000000e+01
3.030378000000000043e+02 7.013473510742187500e+02 4.300000000000000000e+01
3.030378000000000043e+02 7.007484741210937500e+02 3.400000000000000000e+01
3.033750000000000000e+02 7.011688232421875000e+02 6.000000000000000000e+01
3.033750000000000000e+02 7.001967163085937500e+02 4.700000000000000000e+01
3.033750000000000000e+02 7.007205200195312500e+02 3.700000000000000000e+01
3.033750000000000000e+02 7.013932495117187500e+02 3.200000000000000000e+01
3.033750000000000000e+02 7.005391235351562500e+02 2.900000000000000000e+01
3.033750000000000000e+02 7.016249389648437500e+02 2.400000000000000000e+01
3.037121999999999957e+02 7.011721801757812500e+02 7.100000000000000000e+01
3.037121999999999957e+02 7.002118530273437500e+02 6.200000000000000000e+01
3.037121999999999957e+02 7.021151733398437500e+02 3.900000000000000000e+01
3.037121999999999957e+02 7.017416381835937500e+02 2.200000000000000000e+01
3.040488000000000284e+02 7.006972656250000000e+02 4.100000000000000000e+01
3.040488000000000284e+02 7.002043457031250000e+02 3.800000000000000000e+01
3.040488000000000284e+02 7.019207153320312500e+02 3.500000000000000000e+01
3.040488000000000284e+02 7.011597900390625000e+02 3.200000000000000000e+01
3.040488000000000284e+02 7.004286499023437500e+02 2.500000000000000000e+01
3.043872000000000071e+02 7.002333374023437500e+02 4.500000000000000000e+01
3.043872000000000071e+02 7.011492919921875000e+02 3.900000000000000000e+01
3.043872000000000071e+02 7.014982299804687500e+02 2.100000000000000000e+01
3.047237999999999829e+02 7.002201538085937500e+02 3.700000000000000000e+01
3.047237999999999829e+02 7.015160522460937500e+02 3.400000000000000000e+01
3.047237999999999829e+02 7.011668090820312500e+02 3.300000000000000000e+01
3.047237999999999829e+02 7.009540405273437500e+02 3.200000000000000000e+01
3.047237999999999829e+02 7.008085937500000000e+02 2.700000000000000000e+01
3.047237999999999829e+02 7.006250610351562500e+02 2.500000000000000000e+01
3.050609999999999786e+02 7.011614990234375000e+02 5.600000000000000000e+01
3.050609999999999786e+02 7.009534912109375000e+02 4.000000000000000000e+01
3.050609999999999786e+02 7.017389526367187500e+02 3.700000000000000000e+01
3.050609999999999786e+02 7.005942382812500000e+02 3.300000000000000000e+01
3.050609999999999786e+02 7.021163940429687500e+02 3.200000000000000000e+01
3.050609999999999786e+02 7.002623901367187500e+02 2.900000000000000000e+01
3.050609999999999786e+02 7.015011596679687500e+02 2.700000000000000000e+01
3.053969999999999914e+02 7.011781616210937500e+02 5.200000000000000000e+01
3.053969999999999914e+02 7.002260742187500000e+02 3.400000000000000000e+01
3.053969999999999914e+02 7.008457031250000000e+02 2.200000000000000000e+01
3.053969999999999914e+02 7.014585571289062500e+02 2.100000000000000000e+01
3.057341999999999871e+02 7.011716308593750000e+02 5.800000000000000000e+01
3.057341999999999871e+02 7.013294677734375000e+02 5.000000000000000000e+01
3.057341999999999871e+02 7.002547607421875000e+02 2.900000000000000000e+01
3.057341999999999871e+02 7.010148315429687500e+02 2.300000000000000000e+01
3.060708000000000197e+02 7.011324462890625000e+02 4.800000000000000000e+01
3.060708000000000197e+02 7.002263183593750000e+02 3.200000000000000000e+01
3.060708000000000197e+02 7.021528930664062500e+02 2.500000000000000000e+01
3.064080000000000155e+02 7.013463745117187500e+02 5.600000000000000000e+01
3.064080000000000155e+02 7.019333496093750000e+02 3.300000000000000000e+01
3.064080000000000155e+02 7.002010498046875000e+02 3.200000000000000000e+01
3.064080000000000155e+02 7.003660278320312500e+02 2.600000000000000000e+01
3.067452000000000112e+02 7.003846435546875000e+02 4.300000000000000000e+01
3.067452000000000112e+02 7.002656250000000000e+02 3.500000000000000000e+01
3.067452000000000112e+02 7.015151977539062500e+02 2.400000000000000000e+01
3.070812000000000239e+02 7.011746215820312500e+02 5.000000000000000000e+01
3.070812000000000239e+02 7.002254638671875000e+02 4.700000000000000000e+01
3.070812000000000239e+02 7.006746826171875000e+02 3.200000000000000000e+01
3.070812000000000239e+02 7.017803955078125000e+02 3.000000000000000000e+01
3.074177999999999997e+02 7.012316894531250000e+02 5.600000000000000000e+01
3.074177999999999997e+02 7.003054809570312500e+02 4.700000000000000000e+01
3.074177999999999997e+02 7.010283813476562500e+02 2.300000000000000000e+01
3.077549999999999955e+02 7.003425903320312500e+02 3.900000000000000000e+01
3.077549999999999955e+02 7.010261840820312500e+02 2.900000000000000000e+01
3.077549999999999955e+02 7.011780395507812500e+02 2.800000000000000000e+01
3.077549999999999955e+02 7.013355712890625000e+02 2.500000000000000000e+01
3.080921999999999912e+02 7.011720581054687500e+02 5.200000000000000000e+01
3.080921999999999912e+02 7.013252563476562500e+02 3.800000000000000000e+01
3.080921999999999912e+02 7.010067749023437500e+02 2.700000000000000000e+01
3.080921999999999912e+02 7.017117309570312500e+02 2.500000000000000000e+01
