3.353802000000000021e+02 7.992293090820312500e+02 4.100000000000000000e+01
3.353802000000000021e+02 7.982830200195312500e+02 2.300000000000000000e+01
3.357167999999999779e+02 7.992748413085937500e+02 3.900000000000000000e+01
3.360527999999999906e+02 7.992991333007812500e+02 3.700000000000000000e+01
3.360527999999999906e+02 7.982914428710937500e+02 3.100000000000000000e+01
3.363899999999999864e+02 7.992543334960937500e+02 5.900000000000000000e+01
3.363899999999999864e+02 7.977984619140625000e+02 2.600000000000000000e+01
3.363899999999999864e+02 7.987082519531250000e+02 2.500000000000000000e+01
3.367271999999999821e+02 7.981406250000000000e+02 3.000000000000000000e+01
3.367271999999999821e+02 7.992412719726562500e+02 2.200000000000000000e+01
3.370638000000000147e+02 7.982527465820312500e+02 3.700000000000000000e+01
3.370638000000000147e+02 7.977556762695312500e+02 2.100000000000000000e+01
3.374010000000000105e+02 7.992682495117187500e+02 3.000000000000000000e+01
3.374010000000000105e+02 7.983068847656250000e+02 2.400000000000000000e+01
3.377370000000000232e+02 7.973250122070312500e+02 5.300000000000000000e+01
3.380742000000000189e+02 7.992479858398437500e+02 3.400000000000000000e+01
3.380742000000000189e+02 7.977137451171875000e+02 2.900000000000000000e+01
3.384107999999999947e+02 7.982517700195312500e+02 2.200000000000000000e+01
3.387479999999999905e+02 7.992675170898437500e+02 2.800000000000000000e+01
3.387479999999999905e+02 7.987125854492187500e+02 2.300000000000000000e+01
3.390840000000000032e+02 7.992846679687500000e+02 2.800000000000000000e+01
3.394211999999999989e+02 7.992922363281250000e+02 3.400000000000000000e+01
3.397577999999999747e+02 7.992814331054687500e+02 2.700000000000000000e+01
3.400950000000000273e+02 7.992628784179687500e+02 4.000000000000000000e+01
3.400950000000000273e+02 7.974533081054687500e+02 2.900000000000000000e+01
3.404322000000000230e+02 7.982921752929687500e+02 2.100000000000000000e+01
3.411048000000000116e+02 7.982606201171875000e+02 3.900000000000000000e+01
3.414420000000000073e+02 7.978617553710937500e+02 2.100000000000000000e+01
3.417792000000000030e+02 7.981826171875000000e+02 2.500000000000000000e+01
3.421157999999999788e+02 7.992425537109375000e+02 2.500000000000000000e+01
3.421157999999999788e+02 7.975333862304687500e+02 2.400000000000000000e+01
3.434639999999999986e+02 7.983276977539062500e+02 5.100000000000000000e+01
3.434639999999999986e+02 7.992464599609375000e+02 2.500000000000000000e+01
3.438011999999999944e+02 7.992881469726562500e+02 3.000000000000000000e+01
3.441378000000000270e+02 7.992534790039062500e+02 4.200000000000000000e+01
3.448140000000000214e+02 7.992655639648437500e+02 3.000000000000000000e+01
3.451499999999999773e+02 7.992604980468750000e+02 4.800000000000000000e+01
3.451499999999999773e+02 7.982443237304687500e+02 3.900000000000000000e+01
3.454871999999999730e+02 7.973223266601562500e+02 5.200000000000000000e+01
3.454871999999999730e+02 7.992769165039062500e+02 4.800000000000000000e+01
3.454871999999999730e+02 7.976727905273437500e+02 2.200000000000000000e+01
3.458238000000000056e+02 7.992703247070312500e+02 2.800000000000000000e+01
3.458238000000000056e+02 7.977504882812500000e+02 2.400000000000000000e+01
3.461610000000000014e+02 7.983143310546875000e+02 2.100000000000000000e+01
3.464981999999999971e+02 7.992684936523437500e+02 3.900000000000000000e+01
3.464981999999999971e+02 7.981208496093750000e+02 2.800000000000000000e+01
3.464981999999999971e+02 7.983174438476562500e+02 2.500000000000000000e+01
3.468342000000000098e+02 7.983046875000000000e+02 2.100000000000000000e+01
3.471707999999999856e+02 7.981098022460937500e+02 3.100000000000000000e+01
3.475079999999999814e+02 7.992693481445312500e+02 2.100000000000000000e+01
3.478451999999999771e+02 7.992664184570312500e+02 2.200000000000000000e+01
3.481818000000000097e+02 7.992508544921875000e+02 4.000000000000000000e+01
3.481818000000000097e+02 7.984090576171875000e+02 2.100000000000000000e+01
3.485178000000000225e+02 7.982471313476562500e+02 2.900000000000000000e+01
3.485178000000000225e+02 7.992342529296875000e+02 2.500000000000000000e+01
3.488550000000000182e+02 7.989058837890625000e+02 3.500000000000000000e+01
3.488550000000000182e+02 7.982127685546875000e+02 3.300000000000000000e+01
3.488550000000000182e+02 7.992629394531250000e+02 2.100000000000000000e+01
3.491922000000000139e+02 7.983307495117187500e+02 2.900000000000000000e+01
3.491922000000000139e+02 7.975543212890625000e+02 2.300000000000000000e+01
3.498648000000000025e+02 7.991535644531250000e+02 2.500000000000000000e+01
3.502019999999999982e+02 7.983219604492187500e+02 2.200000000000000000e+01
3.505391999999999939e+02 7.973381958007812500e+02 2.200000000000000000e+01
3.508758000000000266e+02 7.986588745117187500e+02 4.200000000000000000e+01
3.512130000000000223e+02 7.991785278320312500e+02 2.700000000000000000e+01
3.515489999999999782e+02 7.973220825195312500e+02 3.500000000000000000e+01
3.515489999999999782e+02 7.983184204101562500e+02 2.900000000000000000e+01
3.515489999999999782e+02 7.992658691406250000e+02 2.400000000000000000e+01
3.518861999999999739e+02 7.973265380859375000e+02 4.600000000000000000e+01
3.518861999999999739e+02 7.992647094726562500e+02 4.100000000000000000e+01
3.518861999999999739e+02 7.982815551757812500e+02 2.100000000000000000e+01
3.522228000000000065e+02 7.973594970703125000e+02 3.400000000000000000e+01
3.522228000000000065e+02 7.992590942382812500e+02 3.300000000000000000e+01
3.522228000000000065e+02 7.981060180664062500e+02 3.000000000000000000e+01
3.525600000000000023e+02 7.993141479492187500e+02 2.400000000000000000e+01
3.525600000000000023e+02 7.991405029296875000e+02 2.400000000000000000e+01
3.525600000000000023e+02 7.980966186523437500e+02 2.100000000000000000e+01
3.528971999999999980e+02 7.992780761718750000e+02 4.100000000000000000e+01
3.528971999999999980e+02 7.989247436523437500e+02 3.100000000000000000e+01
3.528971999999999980e+02 7.981065673828125000e+02 2.100000000000000000e+01
3.532332000000000107e+02 7.987248535156250000e+02 2.800000000000000000e+01
3.532332000000000107e+02 7.989577026367187500e+02 2.300000000000000000e+01
3.532332000000000107e+02 7.991559448242187500e+02 2.200000000000000000e+01
3.535697999999999865e+02 7.992306518554687500e+02 2.800000000000000000e+01
3.535697999999999865e+02 7.987805786132812500e+02 2.600000000000000000e+01
3.535697999999999865e+02 7.981211547851562500e+02 2.600000000000000000e+01
3.535697999999999865e+02 7.983324584960937500e+02 2.300000000000000000e+01
3.539069999999999823e+02 7.992501220703125000e+02 3.500000000000000000e+01
3.539069999999999823e+02 7.982858886718750000e+02 2.400000000000000000e+01
3.542441999999999780e+02 7.982059326171875000e+02 3.900000000000000000e+01
3.542441999999999780e+02 7.992415771484375000e+02 3.100000000000000000e+01
3.542441999999999780e+02 7.973415527343750000e+02 2.300000000000000000e+01
3.545808000000000106e+02 7.992822875976562500e+02 3.500000000000000000e+01
3.545808000000000106e+02 7.983237915039062500e+02 3.400000000000000000e+01
3.549191999999999894e+02 7.983906860351562500e+02 4.500000000000000000e+01
3.549191999999999894e+02 7.989412841796875000e+02 2.200000000000000000e+01
3.552558000000000220e+02 7.993068847656250000e+02 3.500000000000000000e+01
3.552558000000000220e+02 7.973713989257812500e+02 3.300000000000000000e+01
3.552558000000000220e+02 7.986848754882812500e+02 2.500000000000000000e+01
3.552558000000000220e+02 7.990412597656250000e+02 2.100000000000000000e+01
3.552558000000000220e+02 7.988678588867187500e+02 2.100000000000000000e+01
3.559289999999999736e+02 7.992678222656250000e+02 3.600000000000000000e+01
3.559289999999999736e+02 7.983887329101562500e+02 2.400000000000000000e+01
3.562662000000000262e+02 7.992804565429687500e+02 3.700000000000000000e+01
3.566028000000000020e+02 7.984180908203125000e+02 2.600000000000000000e+01
3.566028000000000020e+02 7.992526855468750000e+02 2.200000000000000000e+01
3.569399999999999977e+02 7.986597290039062500e+02 4.000000000000000000e+01
3.569399999999999977e+02 7.983428344726562500e+02 2.400000000000000000e+01
3.572760000000000105e+02 7.983031616210937500e+02 3.200000000000000000e+01
3.576132000000000062e+02 7.993123779296875000e+02 6.000000000000000000e+01
3.576132000000000062e+02 7.982980957031250000e+02 2.900000000000000000e+01
3.579497999999999820e+02 7.992924194335937500e+02 3.600000000000000000e+01
3.582869999999999777e+02 7.993150024414062500e+02 2.200000000000000000e+01
3.586229999999999905e+02 7.992623901367187500e+02 5.300000000000000000e+01
3.589601999999999862e+02 7.973381958007812500e+02 3.300000000000000000e+01
3.589601999999999862e+02 7.992252807617187500e+02 2.800000000000000000e+01
3.589601999999999862e+02 7.978239135742187500e+02 2.600000000000000000e+01
3.589601999999999862e+02 7.987151489257812500e+02 2.500000000000000000e+01
3.592968000000000188e+02 7.992651977539062500e+02 2.500000000000000000e+01
3.599712000000000103e+02 7.983402099609375000e+02 3.100000000000000000e+01
3.599712000000000103e+02 7.991057128906250000e+02 2.600000000000000000e+01
3.603077999999999861e+02 7.973818359375000000e+02 3.300000000000000000e+01
3.606449999999999818e+02 7.992605590820312500e+02 3.300000000000000000e+01
3.609821999999999775e+02 7.982534790039062500e+02 3.700000000000000000e+01
3.609821999999999775e+02 7.973969726562500000e+02 2.800000000000000000e+01
3.613188000000000102e+02 7.983272705078125000e+02 3.400000000000000000e+01
3.613188000000000102e+02 7.981901855468750000e+02 2.300000000000000000e+01
3.616560000000000059e+02 7.982603759765625000e+02 2.600000000000000000e+01
3.619932000000000016e+02 7.992917480468750000e+02 4.800000000000000000e+01
3.623297999999999774e+02 7.992709350585937500e+02 2.600000000000000000e+01
3.623297999999999774e+02 7.973557128906250000e+02 2.500000000000000000e+01
3.626657999999999902e+02 7.992955322265625000e+02 2.300000000000000000e+01
3.630029999999999859e+02 7.980086669921875000e+02 2.200000000000000000e+01
3.633401999999999816e+02 7.992609863281250000e+02 2.800000000000000000e+01
3.636768000000000143e+02 7.991371459960937500e+02 2.500000000000000000e+01
3.636768000000000143e+02 7.983101806640625000e+02 2.300000000000000000e+01
3.640140000000000100e+02 7.980571899414062500e+02 2.700000000000000000e+01
3.643500000000000227e+02 7.989372558593750000e+02 3.300000000000000000e+01
3.643500000000000227e+02 7.981551513671875000e+02 2.200000000000000000e+01
