3.438011999999999944e+02 7.842956542968750000e+02 2.800000000000000000e+01
3.438011999999999944e+02 7.847717895507812500e+02 2.400000000000000000e+01
3.441378000000000270e+02 7.852351684570312500e+02 6.900000000000000000e+01
3.441378000000000270e+02 7.842305908203125000e+02 2.500000000000000000e+01
3.441378000000000270e+02 7.847641601562500000e+02 2.100000000000000000e+01
3.448140000000000214e+02 7.841401977539062500e+02 3.200000000000000000e+01
3.448140000000000214e+02 7.852371215820312500e+02 2.300000000000000000e+01
3.451499999999999773e+02 7.852153930664062500e+02 3.700000000000000000e+01
3.451499999999999773e+02 7.842931518554687500e+02 3.600000000000000000e+01
3.454871999999999730e+02 7.852358398437500000e+02 2.600000000000000000e+01
3.458238000000000056e+02 7.852375488281250000e+02 3.500000000000000000e+01
3.461610000000000014e+02 7.852554931640625000e+02 2.200000000000000000e+01
3.468342000000000098e+02 7.852371215820312500e+02 4.900000000000000000e+01
3.468342000000000098e+02 7.842315673828125000e+02 3.100000000000000000e+01
3.471707999999999856e+02 7.842640991210937500e+02 3.100000000000000000e+01
3.471707999999999856e+02 7.852194213867187500e+02 2.500000000000000000e+01
3.475079999999999814e+02 7.842335205078125000e+02 2.100000000000000000e+01
3.481818000000000097e+02 7.852298583984375000e+02 3.000000000000000000e+01
3.485178000000000225e+02 7.852316894531250000e+02 2.300000000000000000e+01
3.485178000000000225e+02 7.841767578125000000e+02 2.100000000000000000e+01
3.488550000000000182e+02 7.842937011718750000e+02 4.400000000000000000e+01
3.488550000000000182e+02 7.852529907226562500e+02 3.200000000000000000e+01
3.491922000000000139e+02 7.842461547851562500e+02 2.600000000000000000e+01
3.495287999999999897e+02 7.851985473632812500e+02 3.600000000000000000e+01
3.495287999999999897e+02 7.833372802734375000e+02 2.200000000000000000e+01
3.498648000000000025e+02 7.842619018554687500e+02 3.500000000000000000e+01
3.505391999999999939e+02 7.852421264648437500e+02 4.900000000000000000e+01
3.505391999999999939e+02 7.846129760742187500e+02 3.000000000000000000e+01
3.505391999999999939e+02 7.848288574218750000e+02 2.300000000000000000e+01
3.508758000000000266e+02 7.852911376953125000e+02 4.000000000000000000e+01
3.508758000000000266e+02 7.842954101562500000e+02 2.300000000000000000e+01
3.508758000000000266e+02 7.848826904296875000e+02 2.200000000000000000e+01
3.512130000000000223e+02 7.847687377929687500e+02 2.400000000000000000e+01
3.512130000000000223e+02 7.843094482421875000e+02 2.200000000000000000e+01
3.515489999999999782e+02 7.851668090820312500e+02 4.100000000000000000e+01
3.515489999999999782e+02 7.842721557617187500e+02 2.800000000000000000e+01
3.515489999999999782e+02 7.847807006835937500e+02 2.300000000000000000e+01
3.518861999999999739e+02 7.852518920898437500e+02 3.500000000000000000e+01
3.518861999999999739e+02 7.843328247070312500e+02 3.100000000000000000e+01
3.522228000000000065e+02 7.851784057617187500e+02 2.100000000000000000e+01
3.525600000000000023e+02 7.841995849609375000e+02 4.000000000000000000e+01
3.525600000000000023e+02 7.849238891601562500e+02 2.400000000000000000e+01
3.528971999999999980e+02 7.842753906250000000e+02 3.800000000000000000e+01
3.528971999999999980e+02 7.852360229492187500e+02 2.500000000000000000e+01
3.532332000000000107e+02 7.852202758789062500e+02 4.200000000000000000e+01
3.535697999999999865e+02 7.842316894531250000e+02 4.300000000000000000e+01
3.539069999999999823e+02 7.852415771484375000e+02 3.700000000000000000e+01
3.539069999999999823e+02 7.833424072265625000e+02 3.200000000000000000e+01
3.539069999999999823e+02 7.841812133789062500e+02 2.200000000000000000e+01
3.542441999999999780e+02 7.852013549804687500e+02 4.200000000000000000e+01
3.542441999999999780e+02 7.843485107421875000e+02 3.200000000000000000e+01
3.545808000000000106e+02 7.852290649414062500e+02 3.300000000000000000e+01
3.545808000000000106e+02 7.842251586914062500e+02 3.200000000000000000e+01
3.545808000000000106e+02 7.845986328125000000e+02 2.600000000000000000e+01
3.549191999999999894e+02 7.852952880859375000e+02 4.300000000000000000e+01
3.549191999999999894e+02 7.850635986328125000e+02 3.100000000000000000e+01
3.549191999999999894e+02 7.843267211914062500e+02 2.100000000000000000e+01
3.552558000000000220e+02 7.852385253906250000e+02 3.900000000000000000e+01
3.552558000000000220e+02 7.841901245117187500e+02 2.600000000000000000e+01
3.552558000000000220e+02 7.836396484375000000e+02 2.200000000000000000e+01
3.555917999999999779e+02 7.852481079101562500e+02 4.700000000000000000e+01
3.559289999999999736e+02 7.833452148437500000e+02 3.300000000000000000e+01
3.559289999999999736e+02 7.852692871093750000e+02 3.200000000000000000e+01
3.559289999999999736e+02 7.838527832031250000e+02 2.600000000000000000e+01
3.562662000000000262e+02 7.852030029296875000e+02 3.800000000000000000e+01
3.566028000000000020e+02 7.841208496093750000e+02 2.200000000000000000e+01
3.569399999999999977e+02 7.837109375000000000e+02 2.100000000000000000e+01
3.572760000000000105e+02 7.833250732421875000e+02 2.900000000000000000e+01
3.572760000000000105e+02 7.837558593750000000e+02 2.300000000000000000e+01
3.576132000000000062e+02 7.833146362304687500e+02 2.500000000000000000e+01
3.576132000000000062e+02 7.852549438476562500e+02 2.200000000000000000e+01
3.579497999999999820e+02 7.852548217773437500e+02 2.700000000000000000e+01
3.579497999999999820e+02 7.842798461914062500e+02 2.300000000000000000e+01
3.582869999999999777e+02 7.833533935546875000e+02 3.500000000000000000e+01
3.586229999999999905e+02 7.843057250976562500e+02 2.700000000000000000e+01
3.592968000000000188e+02 7.837360229492187500e+02 5.200000000000000000e+01
3.592968000000000188e+02 7.852603759765625000e+02 2.300000000000000000e+01
3.596340000000000146e+02 7.833788452148437500e+02 2.400000000000000000e+01
3.603077999999999861e+02 7.849652099609375000e+02 2.400000000000000000e+01
3.606449999999999818e+02 7.852616577148437500e+02 2.400000000000000000e+01
3.609821999999999775e+02 7.852460327148437500e+02 2.100000000000000000e+01
3.613188000000000102e+02 7.843941650390625000e+02 2.600000000000000000e+01
3.613188000000000102e+02 7.849144287109375000e+02 2.300000000000000000e+01
3.613188000000000102e+02 7.852630004882812500e+02 2.100000000000000000e+01
3.616560000000000059e+02 7.842857055664062500e+02 2.800000000000000000e+01
3.619932000000000016e+02 7.842775878906250000e+02 2.100000000000000000e+01
3.623297999999999774e+02 7.842406005859375000e+02 2.100000000000000000e+01
3.626657999999999902e+02 7.833571777343750000e+02 2.300000000000000000e+01
3.630029999999999859e+02 7.833474731445312500e+02 2.200000000000000000e+01
3.640140000000000100e+02 7.841667480468750000e+02 2.200000000000000000e+01
3.643500000000000227e+02 7.838055419921875000e+02 2.500000000000000000e+01
3.646872000000000185e+02 7.845812377929687500e+02 2.200000000000000000e+01
3.650249999999999773e+02 7.843068237304687500e+02 2.300000000000000000e+01
3.653621999999999730e+02 7.842233886718750000e+02 3.200000000000000000e+01
3.660360000000000014e+02 7.843540039062500000e+02 2.400000000000000000e+01
3.663731999999999971e+02 7.843532714843750000e+02 2.500000000000000000e+01
3.667092000000000098e+02 7.842974853515625000e+02 2.200000000000000000e+01
3.670457999999999856e+02 7.842716674804687500e+02 2.600000000000000000e+01
3.673829999999999814e+02 7.842792968750000000e+02 2.200000000000000000e+01
3.677201999999999771e+02 7.842876586914062500e+02 5.200000000000000000e+01
3.677201999999999771e+02 7.853034057617187500e+02 3.900000000000000000e+01
3.680568000000000097e+02 7.842094726562500000e+02 2.200000000000000000e+01
3.683928000000000225e+02 7.842439575195312500e+02 2.700000000000000000e+01
3.683928000000000225e+02 7.835869750976562500e+02 2.700000000000000000e+01
3.683928000000000225e+02 7.840121459960937500e+02 2.300000000000000000e+01
3.683928000000000225e+02 7.852403564453125000e+02 2.100000000000000000e+01
3.687300000000000182e+02 7.852634277343750000e+02 2.400000000000000000e+01
3.690672000000000139e+02 7.850565185546875000e+02 2.800000000000000000e+01
3.694037999999999897e+02 7.833109130859375000e+02 3.500000000000000000e+01
3.697409999999999854e+02 7.852421875000000000e+02 4.000000000000000000e+01
3.697409999999999854e+02 7.842456665039062500e+02 2.200000000000000000e+01
3.700769999999999982e+02 7.852776489257812500e+02 2.600000000000000000e+01
3.700769999999999982e+02 7.842528686523437500e+02 2.300000000000000000e+01
3.704141999999999939e+02 7.842902832031250000e+02 5.100000000000000000e+01
3.704141999999999939e+02 7.852783203125000000e+02 4.400000000000000000e+01
3.707508000000000266e+02 7.842032470703125000e+02 3.000000000000000000e+01
3.707508000000000266e+02 7.852509155273437500e+02 2.500000000000000000e+01
3.707508000000000266e+02 7.833912353515625000e+02 2.300000000000000000e+01
3.710880000000000223e+02 7.843759765625000000e+02 3.100000000000000000e+01
3.714239999999999782e+02 7.833504028320312500e+02 2.600000000000000000e+01
3.714239999999999782e+02 7.843966674804687500e+02 2.100000000000000000e+01
3.717611999999999739e+02 7.852716674804687500e+02 2.800000000000000000e+01
3.720978000000000065e+02 7.852510986328125000e+02 2.500000000000000000e+01
3.720978000000000065e+02 7.841333007812500000e+02 2.500000000000000000e+01
3.724350000000000023e+02 7.842410888671875000e+02 5.200000000000000000e+01
3.727721999999999980e+02 7.853052368164062500e+02 5.100000000000000000e+01
3.731082000000000107e+02 7.842197875976562500e+02 2.700000000000000000e+01
3.731082000000000107e+02 7.850325927734375000e+02 2.200000000000000000e+01
