3.572760000000000105e+02 7.983031616210937500e+02 3.200000000000000000e+01
3.576132000000000062e+02 7.993123779296875000e+02 6.000000000000000000e+01
3.576132000000000062e+02 7.982980957031250000e+02 2.900000000000000000e+01
3.579497999999999820e+02 7.992924194335937500e+02 3.600000000000000000e+01
3.582869999999999777e+02 7.993150024414062500e+02 2.200000000000000000e+01
3.586229999999999905e+02 7.992623901367187500e+02 5.300000000000000000e+01
3.589601999999999862e+02 7.973381958007812500e+02 3.300000000000000000e+01
3.589601999999999862e+02 7.992252807617187500e+02 2.800000000000000000e+01
3.589601999999999862e+02 7.978239135742187500e+02 2.600000000000000000e+01
3.589601999999999862e+02 7.987151489257812500e+02 2.500000000000000000e+01
3.592968000000000188e+02 7.992651977539062500e+02 2.500000000000000000e+01
3.599712000000000103e+02 7.983402099609375000e+02 3.100000000000000000e+01
3.599712000000000103e+02 7.991057128906250000e+02 2.600000000000000000e+01
3.603077999999999861e+02 7.973818359375000000e+02 3.300000000000000000e+01
3.606449999999999818e+02 7.992605590820312500e+02 3.300000000000000000e+01
3.609821999999999775e+02 7.982534790039062500e+02 3.700000000000000000e+01
3.609821999999999775e+02 7.973969726562500000e+02 2.800000000000000000e+01
3.613188000000000102e+02 7.983272705078125000e+02 3.400000000000000000e+01
3.613188000000000102e+02 7.981901855468750000e+02 2.300000000000000000e+01
3.616560000000000059e+02 7.982603759765625000e+02 2.600000000000000000e+01
3.619932000000000016e+02 7.992917480468750000e+02 4.800000000000000000e+01
3.623297999999999774e+02 7.992709350585937500e+02 2.600000000000000000e+01
3.623297999999999774e+02 7.973557128906250000e+02 2.500000000000000000e+01
3.626657999999999902e+02 7.992955322265625000e+02 2.300000000000000000e+01
3.630029999999999859e+02 7.980086669921875000e+02 2.200000000000000000e+01
3.633401999999999816e+02 7.992609863281250000e+02 2.800000000000000000e+01
3.636768000000000143e+02 7.991371459960937500e+02 2.500000000000000000e+01
3.636768000000000143e+02 7.983101806640625000e+02 2.300000000000000000e+01
3.640140000000000100e+02 7.980571899414062500e+02 2.700000000000000000e+01
3.643500000000000227e+02 7.989372558593750000e+02 3.300000000000000000e+01
3.643500000000000227e+02 7.981551513671875000e+02 2.200000000000000000e+01
3.650249999999999773e+02 7.992421875000000000e+02 3.000000000000000000e+01
3.656988000000000056e+02 7.985011596679687500e+02 2.800000000000000000e+01
3.660360000000000014e+02 7.982562866210937500e+02 2.600000000000000000e+01
3.660360000000000014e+02 7.992451171875000000e+02 2.100000000000000000e+01
3.663731999999999971e+02 7.973574218750000000e+02 2.200000000000000000e+01
3.663731999999999971e+02 7.982652587890625000e+02 2.100000000000000000e+01
3.673829999999999814e+02 7.982812500000000000e+02 2.400000000000000000e+01
3.677201999999999771e+02 7.982989501953125000e+02 2.600000000000000000e+01
3.677201999999999771e+02 7.992943725585937500e+02 2.300000000000000000e+01
3.687300000000000182e+02 7.992966308593750000e+02 2.900000000000000000e+01
3.697409999999999854e+02 7.973351440429687500e+02 2.100000000000000000e+01
3.700769999999999982e+02 7.983597412109375000e+02 2.700000000000000000e+01
3.700769999999999982e+02 7.982288208007812500e+02 2.300000000000000000e+01
3.700769999999999982e+02 7.992559204101562500e+02 2.100000000000000000e+01
3.704141999999999939e+02 7.983207397460937500e+02 2.500000000000000000e+01
3.707508000000000266e+02 7.973505859375000000e+02 3.700000000000000000e+01
3.707508000000000266e+02 7.983461303710937500e+02 2.800000000000000000e+01
3.707508000000000266e+02 7.992820434570312500e+02 2.500000000000000000e+01
3.710880000000000223e+02 7.982431030273437500e+02 4.000000000000000000e+01
3.710880000000000223e+02 7.976281127929687500e+02 2.200000000000000000e+01
3.714239999999999782e+02 7.984861450195312500e+02 4.300000000000000000e+01
3.714239999999999782e+02 7.992643432617187500e+02 2.400000000000000000e+01
3.720978000000000065e+02 7.973477783203125000e+02 3.400000000000000000e+01
3.720978000000000065e+02 7.991430664062500000e+02 3.000000000000000000e+01
3.720978000000000065e+02 7.983201293945312500e+02 2.400000000000000000e+01
3.737819999999999823e+02 7.992170410156250000e+02 2.100000000000000000e+01
3.741191999999999780e+02 7.985540771484375000e+02 2.400000000000000000e+01
3.744551999999999907e+02 7.978034667968750000e+02 2.200000000000000000e+01
3.747918000000000234e+02 7.983132934570312500e+02 2.600000000000000000e+01
3.747918000000000234e+02 7.992730712890625000e+02 2.200000000000000000e+01
3.751302000000000021e+02 7.992749023437500000e+02 2.200000000000000000e+01
3.761412000000000262e+02 7.987612304687500000e+02 2.300000000000000000e+01
3.761412000000000262e+02 7.982130737304687500e+02 2.100000000000000000e+01
3.761412000000000262e+02 7.990850830078125000e+02 2.100000000000000000e+01
3.761412000000000262e+02 7.992749023437500000e+02 2.100000000000000000e+01
3.764778000000000020e+02 7.992202758789062500e+02 4.300000000000000000e+01
3.764778000000000020e+02 7.982543334960937500e+02 3.600000000000000000e+01
3.764778000000000020e+02 7.979730224609375000e+02 2.100000000000000000e+01
3.768149999999999977e+02 7.992646484375000000e+02 3.600000000000000000e+01
3.771521999999999935e+02 7.973320922851562500e+02 5.200000000000000000e+01
3.774888000000000261e+02 7.992511596679687500e+02 5.000000000000000000e+01
3.778260000000000218e+02 7.983413696289062500e+02 3.500000000000000000e+01
3.784997999999999934e+02 7.981903686523437500e+02 5.000000000000000000e+01
3.784997999999999934e+02 7.992893676757812500e+02 3.000000000000000000e+01
3.784997999999999934e+02 7.991622924804687500e+02 2.700000000000000000e+01
3.788369999999999891e+02 7.976893920898437500e+02 3.400000000000000000e+01
3.788369999999999891e+02 7.981777343750000000e+02 3.000000000000000000e+01
3.788369999999999891e+02 7.983326416015625000e+02 2.500000000000000000e+01
3.791741999999999848e+02 7.981728515625000000e+02 4.100000000000000000e+01
3.791741999999999848e+02 7.983775634765625000e+02 2.400000000000000000e+01
3.795101999999999975e+02 7.973468017578125000e+02 3.500000000000000000e+01
3.795101999999999975e+02 7.981808471679687500e+02 2.600000000000000000e+01
3.798467999999999734e+02 7.992764282226562500e+02 3.700000000000000000e+01
3.801840000000000259e+02 7.973280029296875000e+02 3.500000000000000000e+01
3.801840000000000259e+02 7.992538452148437500e+02 3.400000000000000000e+01
3.801840000000000259e+02 7.990841064453125000e+02 2.600000000000000000e+01
3.805212000000000216e+02 7.981710205078125000e+02 2.500000000000000000e+01
3.805212000000000216e+02 7.975092163085937500e+02 2.300000000000000000e+01
3.808577999999999975e+02 7.992431640625000000e+02 2.900000000000000000e+01
3.808577999999999975e+02 7.982149658203125000e+02 2.600000000000000000e+01
3.808577999999999975e+02 7.987570190429687500e+02 2.300000000000000000e+01
3.808577999999999975e+02 7.976075439453125000e+02 2.200000000000000000e+01
3.818682000000000016e+02 7.981630249023437500e+02 2.300000000000000000e+01
3.818682000000000016e+02 7.993025512695312500e+02 2.300000000000000000e+01
3.822047999999999774e+02 7.983371582031250000e+02 3.900000000000000000e+01
3.825419999999999732e+02 7.975667114257812500e+02 2.600000000000000000e+01
3.825419999999999732e+02 7.984121093750000000e+02 2.500000000000000000e+01
3.828797999999999888e+02 7.973301391601562500e+02 3.500000000000000000e+01
3.828797999999999888e+02 7.976499023437500000e+02 2.400000000000000000e+01
3.828797999999999888e+02 7.979531250000000000e+02 2.100000000000000000e+01
3.832169999999999845e+02 7.983193359375000000e+02 2.400000000000000000e+01
3.832169999999999845e+02 7.993039550781250000e+02 2.300000000000000000e+01
3.838901999999999930e+02 7.992906494140625000e+02 3.700000000000000000e+01
3.842268000000000256e+02 7.982550659179687500e+02 2.300000000000000000e+01
3.845640000000000214e+02 7.990413208007812500e+02 2.200000000000000000e+01
3.845640000000000214e+02 7.973259277343750000e+02 2.100000000000000000e+01
3.855761999999999716e+02 7.983016357421875000e+02 2.200000000000000000e+01
3.859128000000000043e+02 7.983038940429687500e+02 2.100000000000000000e+01
3.862488000000000170e+02 7.992705688476562500e+02 4.700000000000000000e+01
3.862488000000000170e+02 7.981863403320312500e+02 2.400000000000000000e+01
3.862488000000000170e+02 7.983182373046875000e+02 2.100000000000000000e+01
