3.623297999999999774e+02 7.833039550781250000e+02 2.300000000000000000e+01
3.623297999999999774e+02 7.842406005859375000e+02 2.100000000000000000e+01
3.626657999999999902e+02 7.833571777343750000e+02 2.300000000000000000e+01
3.630029999999999859e+02 7.833474731445312500e+02 2.200000000000000000e+01
3.633401999999999816e+02 7.831553955078125000e+02 3.500000000000000000e+01
3.640140000000000100e+02 7.841667480468750000e+02 2.200000000000000000e+01
3.643500000000000227e+02 7.832938232421875000e+02 2.700000000000000000e+01
3.643500000000000227e+02 7.838055419921875000e+02 2.500000000000000000e+01
3.646872000000000185e+02 7.845812377929687500e+02 2.200000000000000000e+01
3.650249999999999773e+02 7.831907958984375000e+02 2.600000000000000000e+01
3.650249999999999773e+02 7.843068237304687500e+02 2.300000000000000000e+01
3.653621999999999730e+02 7.842233886718750000e+02 3.200000000000000000e+01
3.653621999999999730e+02 7.832271118164062500e+02 2.600000000000000000e+01
3.656988000000000056e+02 7.832436523437500000e+02 2.100000000000000000e+01
3.660360000000000014e+02 7.843540039062500000e+02 2.400000000000000000e+01
3.663731999999999971e+02 7.832277832031250000e+02 4.400000000000000000e+01
3.663731999999999971e+02 7.843532714843750000e+02 2.500000000000000000e+01
3.667092000000000098e+02 7.842974853515625000e+02 2.200000000000000000e+01
3.670457999999999856e+02 7.842716674804687500e+02 2.600000000000000000e+01
3.673829999999999814e+02 7.832443237304687500e+02 2.500000000000000000e+01
3.673829999999999814e+02 7.842792968750000000e+02 2.200000000000000000e+01
3.677201999999999771e+02 7.842876586914062500e+02 5.200000000000000000e+01
3.677201999999999771e+02 7.832608642578125000e+02 3.500000000000000000e+01
3.680568000000000097e+02 7.842094726562500000e+02 2.200000000000000000e+01
3.683928000000000225e+02 7.842439575195312500e+02 2.700000000000000000e+01
3.683928000000000225e+02 7.835869750976562500e+02 2.700000000000000000e+01
3.683928000000000225e+02 7.840121459960937500e+02 2.300000000000000000e+01
3.683928000000000225e+02 7.831855468750000000e+02 2.100000000000000000e+01
3.687300000000000182e+02 7.831235351562500000e+02 3.000000000000000000e+01
3.690672000000000139e+02 7.850565185546875000e+02 2.800000000000000000e+01
3.694037999999999897e+02 7.833109130859375000e+02 3.500000000000000000e+01
3.697409999999999854e+02 7.842456665039062500e+02 2.200000000000000000e+01
3.700769999999999982e+02 7.832343139648437500e+02 3.900000000000000000e+01
3.700769999999999982e+02 7.842528686523437500e+02 2.300000000000000000e+01
3.704141999999999939e+02 7.842902832031250000e+02 5.100000000000000000e+01
3.707508000000000266e+02 7.842032470703125000e+02 3.000000000000000000e+01
3.707508000000000266e+02 7.833912353515625000e+02 2.300000000000000000e+01
3.710880000000000223e+02 7.843759765625000000e+02 3.100000000000000000e+01
3.714239999999999782e+02 7.833504028320312500e+02 2.600000000000000000e+01
3.714239999999999782e+02 7.843966674804687500e+02 2.100000000000000000e+01
3.717611999999999739e+02 7.832594604492187500e+02 2.200000000000000000e+01
3.720978000000000065e+02 7.832169799804687500e+02 3.200000000000000000e+01
3.720978000000000065e+02 7.841333007812500000e+02 2.500000000000000000e+01
3.724350000000000023e+02 7.842410888671875000e+02 5.200000000000000000e+01
3.724350000000000023e+02 7.832427978515625000e+02 2.500000000000000000e+01
3.731082000000000107e+02 7.842197875976562500e+02 2.700000000000000000e+01
3.731082000000000107e+02 7.850325927734375000e+02 2.200000000000000000e+01
3.734447999999999865e+02 7.834557495117187500e+02 2.800000000000000000e+01
3.737819999999999823e+02 7.832575683593750000e+02 3.800000000000000000e+01
3.741191999999999780e+02 7.843312988281250000e+02 2.300000000000000000e+01
3.744551999999999907e+02 7.831987304687500000e+02 2.400000000000000000e+01
3.747918000000000234e+02 7.837265625000000000e+02 2.500000000000000000e+01
3.751302000000000021e+02 7.832390747070312500e+02 3.100000000000000000e+01
3.751302000000000021e+02 7.842216186523437500e+02 2.400000000000000000e+01
3.751302000000000021e+02 7.834602050781250000e+02 2.200000000000000000e+01
3.754667999999999779e+02 7.842208862304687500e+02 3.700000000000000000e+01
3.754667999999999779e+02 7.832402954101562500e+02 2.500000000000000000e+01
3.758039999999999736e+02 7.831810913085937500e+02 2.300000000000000000e+01
3.761412000000000262e+02 7.843459472656250000e+02 2.400000000000000000e+01
3.768149999999999977e+02 7.836613769531250000e+02 3.000000000000000000e+01
3.768149999999999977e+02 7.842196655273437500e+02 2.200000000000000000e+01
3.771521999999999935e+02 7.840925292968750000e+02 2.200000000000000000e+01
3.774888000000000261e+02 7.832408447265625000e+02 2.100000000000000000e+01
3.774888000000000261e+02 7.841232910156250000e+02 2.100000000000000000e+01
3.784997999999999934e+02 7.842204589843750000e+02 3.200000000000000000e+01
3.784997999999999934e+02 7.831955566406250000e+02 2.500000000000000000e+01
3.788369999999999891e+02 7.832145996093750000e+02 2.800000000000000000e+01
3.788369999999999891e+02 7.842456665039062500e+02 2.700000000000000000e+01
3.791741999999999848e+02 7.838198852539062500e+02 2.300000000000000000e+01
3.791741999999999848e+02 7.842862548828125000e+02 2.300000000000000000e+01
3.791741999999999848e+02 7.832658691406250000e+02 2.200000000000000000e+01
3.795101999999999975e+02 7.842291259765625000e+02 3.100000000000000000e+01
3.795101999999999975e+02 7.831880493164062500e+02 2.800000000000000000e+01
3.798467999999999734e+02 7.831040039062500000e+02 2.500000000000000000e+01
3.798467999999999734e+02 7.832603149414062500e+02 2.300000000000000000e+01
3.798467999999999734e+02 7.848230590820312500e+02 2.100000000000000000e+01
3.801840000000000259e+02 7.832150268554687500e+02 3.900000000000000000e+01
3.801840000000000259e+02 7.833573608398437500e+02 3.700000000000000000e+01
3.801840000000000259e+02 7.850586547851562500e+02 3.300000000000000000e+01
3.801840000000000259e+02 7.844713745117187500e+02 3.200000000000000000e+01
3.805212000000000216e+02 7.847363891601562500e+02 2.800000000000000000e+01
3.805212000000000216e+02 7.834927368164062500e+02 2.400000000000000000e+01
3.808577999999999975e+02 7.844276123046875000e+02 4.400000000000000000e+01
3.811938000000000102e+02 7.842608032226562500e+02 3.000000000000000000e+01
3.815310000000000059e+02 7.849363403320312500e+02 3.700000000000000000e+01
3.815310000000000059e+02 7.832073974609375000e+02 2.500000000000000000e+01
3.818682000000000016e+02 7.832635498046875000e+02 4.500000000000000000e+01
3.818682000000000016e+02 7.846801757812500000e+02 4.500000000000000000e+01
3.818682000000000016e+02 7.843544311523437500e+02 2.500000000000000000e+01
3.822047999999999774e+02 7.832891235351562500e+02 2.500000000000000000e+01
3.825419999999999732e+02 7.846896362304687500e+02 3.000000000000000000e+01
3.825419999999999732e+02 7.842679443359375000e+02 2.200000000000000000e+01
3.825419999999999732e+02 7.844678955078125000e+02 2.100000000000000000e+01
3.828797999999999888e+02 7.843238525390625000e+02 3.800000000000000000e+01
3.828797999999999888e+02 7.846849365234375000e+02 2.700000000000000000e+01
3.832169999999999845e+02 7.834304809570312500e+02 3.200000000000000000e+01
3.832169999999999845e+02 7.832835693359375000e+02 2.700000000000000000e+01
3.835541999999999803e+02 7.842962646484375000e+02 3.100000000000000000e+01
3.838901999999999930e+02 7.832796630859375000e+02 4.600000000000000000e+01
3.845640000000000214e+02 7.843615112304687500e+02 3.300000000000000000e+01
3.849012000000000171e+02 7.833143920898437500e+02 4.500000000000000000e+01
3.849012000000000171e+02 7.848332519531250000e+02 4.000000000000000000e+01
3.849012000000000171e+02 7.837193603515625000e+02 2.200000000000000000e+01
3.852389999999999759e+02 7.832279663085937500e+02 4.500000000000000000e+01
3.855761999999999716e+02 7.841306762695312500e+02 2.500000000000000000e+01
3.859128000000000043e+02 7.845409545898437500e+02 5.600000000000000000e+01
3.859128000000000043e+02 7.843508300781250000e+02 2.400000000000000000e+01
3.862488000000000170e+02 7.840683593750000000e+02 2.400000000000000000e+01
3.865860000000000127e+02 7.833209838867187500e+02 2.100000000000000000e+01
3.872597999999999843e+02 7.833832397460937500e+02 5.400000000000000000e+01
3.872597999999999843e+02 7.842772216796875000e+02 3.000000000000000000e+01
3.875969999999999800e+02 7.832800903320312500e+02 4.600000000000000000e+01
3.879341999999999757e+02 7.833561401367187500e+02 2.200000000000000000e+01
3.882701999999999884e+02 7.847495117187500000e+02 2.200000000000000000e+01
3.882701999999999884e+02 7.832526855468750000e+02 2.100000000000000000e+01
3.886068000000000211e+02 7.842456665039062500e+02 4.900000000000000000e+01
3.886068000000000211e+02 7.832705078125000000e+02 4.300000000000000000e+01
3.889440000000000168e+02 7.832680053710937500e+02 3.500000000000000000e+01
3.889440000000000168e+02 7.847203979492187500e+02 3.100000000000000000e+01
3.889440000000000168e+02 7.843504028320312500e+02 2.800000000000000000e+01
3.892812000000000126e+02 7.847859497070312500e+02 4.400000000000000000e+01
3.892812000000000126e+02 7.833132934570312500e+02 3.100000000000000000e+01
3.892812000000000126e+02 7.842808837890625000e+02 3.100000000000000000e+01
3.896172000000000253e+02 7.833331909179687500e+02 5.800000000000000000e+01
3.896172000000000253e+02 7.842914428710937500e+02 4.300000000000000000e+01
3.896172000000000253e+02 7.846764526367187500e+02 2.200000000000000000e+01
3.899538000000000011e+02 7.833079223632812500e+02 3.800000000000000000e+01
3.899538000000000011e+02 7.843187255859375000e+02 3.000000000000000000e+01
3.899538000000000011e+02 7.847252807617187500e+02 2.700000000000000000e+01
3.902909999999999968e+02 7.843145141601562500e+02 3.300000000000000000e+01
3.902909999999999968e+02 7.833170776367187500e+02 3.300000000000000000e+01
3.906281999999999925e+02 7.833421020507812500e+02 3.300000000000000000e+01
3.906281999999999925e+02 7.832084960937500000e+02 2.500000000000000000e+01
3.909648000000000252e+02 7.833032836914062500e+02 4.200000000000000000e+01
3.909648000000000252e+02 7.847866210937500000e+02 3.100000000000000000e+01
3.909648000000000252e+02 7.843579101562500000e+02 2.500000000000000000e+01
3.909648000000000252e+02 7.846754760742187500e+02 2.100000000000000000e+01
3.913007999999999811e+02 7.832462158203125000e+02 2.800000000000000000e+01
3.916379999999999768e+02 7.843487548828125000e+02 3.400000000000000000e+01
3.916379999999999768e+02 7.833184814453125000e+02 2.500000000000000000e+01
