3.640140000000000100e+02 7.972727050781250000e+02 2.900000000000000000e+01
3.640140000000000100e+02 7.980571899414062500e+02 2.700000000000000000e+01
3.643500000000000227e+02 7.972546386718750000e+02 2.800000000000000000e+01
3.643500000000000227e+02 7.981551513671875000e+02 2.200000000000000000e+01
3.646872000000000185e+02 7.972547607421875000e+02 3.900000000000000000e+01
3.650249999999999773e+02 7.962924194335937500e+02 4.000000000000000000e+01
3.656988000000000056e+02 7.970489501953125000e+02 2.100000000000000000e+01
3.663731999999999971e+02 7.971772460937500000e+02 3.000000000000000000e+01
3.663731999999999971e+02 7.973574218750000000e+02 2.200000000000000000e+01
3.667092000000000098e+02 7.972307739257812500e+02 2.100000000000000000e+01
3.673829999999999814e+02 7.973070678710937500e+02 2.300000000000000000e+01
3.677201999999999771e+02 7.963452758789062500e+02 3.800000000000000000e+01
3.677201999999999771e+02 7.967778320312500000e+02 2.100000000000000000e+01
3.680568000000000097e+02 7.972567138671875000e+02 3.900000000000000000e+01
3.683928000000000225e+02 7.972089233398437500e+02 2.400000000000000000e+01
3.683928000000000225e+02 7.967326660156250000e+02 2.100000000000000000e+01
3.687300000000000182e+02 7.973049926757812500e+02 2.400000000000000000e+01
3.687300000000000182e+02 7.966648559570312500e+02 2.100000000000000000e+01
3.697409999999999854e+02 7.971953125000000000e+02 3.100000000000000000e+01
3.697409999999999854e+02 7.967515869140625000e+02 2.200000000000000000e+01
3.697409999999999854e+02 7.973351440429687500e+02 2.100000000000000000e+01
3.700769999999999982e+02 7.966124267578125000e+02 2.600000000000000000e+01
3.700769999999999982e+02 7.971810302734375000e+02 2.500000000000000000e+01
3.700769999999999982e+02 7.982288208007812500e+02 2.300000000000000000e+01
3.700769999999999982e+02 7.963082885742187500e+02 2.300000000000000000e+01
3.704141999999999939e+02 7.972240600585937500e+02 3.300000000000000000e+01
3.704141999999999939e+02 7.963007202148437500e+02 2.900000000000000000e+01
3.707508000000000266e+02 7.973505859375000000e+02 3.700000000000000000e+01
3.707508000000000266e+02 7.963579101562500000e+02 2.700000000000000000e+01
3.710880000000000223e+02 7.972761230468750000e+02 3.200000000000000000e+01
3.710880000000000223e+02 7.976281127929687500e+02 2.200000000000000000e+01
3.714239999999999782e+02 7.972916870117187500e+02 4.200000000000000000e+01
3.714239999999999782e+02 7.963501586914062500e+02 2.300000000000000000e+01
3.720978000000000065e+02 7.973477783203125000e+02 3.400000000000000000e+01
3.720978000000000065e+02 7.967429199218750000e+02 2.100000000000000000e+01
3.724350000000000023e+02 7.963291625976562500e+02 2.900000000000000000e+01
3.724350000000000023e+02 7.972919311523437500e+02 2.600000000000000000e+01
3.727721999999999980e+02 7.967374267578125000e+02 3.100000000000000000e+01
3.727721999999999980e+02 7.973162231445312500e+02 2.300000000000000000e+01
3.731082000000000107e+02 7.964039916992187500e+02 3.300000000000000000e+01
3.734447999999999865e+02 7.962714233398437500e+02 3.100000000000000000e+01
3.744551999999999907e+02 7.972200317382812500e+02 5.700000000000000000e+01
3.744551999999999907e+02 7.962501220703125000e+02 2.400000000000000000e+01
3.744551999999999907e+02 7.978034667968750000e+02 2.200000000000000000e+01
3.747918000000000234e+02 7.973114624023437500e+02 2.200000000000000000e+01
3.758039999999999736e+02 7.972382202148437500e+02 3.300000000000000000e+01
3.761412000000000262e+02 7.973029174804687500e+02 2.800000000000000000e+01
3.761412000000000262e+02 7.982130737304687500e+02 2.100000000000000000e+01
3.764778000000000020e+02 7.962600708007812500e+02 2.500000000000000000e+01
3.764778000000000020e+02 7.979730224609375000e+02 2.100000000000000000e+01
3.768149999999999977e+02 7.968159790039062500e+02 2.400000000000000000e+01
3.771521999999999935e+02 7.973320922851562500e+02 5.200000000000000000e+01
3.778260000000000218e+02 7.971723632812500000e+02 2.700000000000000000e+01
3.781632000000000176e+02 7.962670898437500000e+02 2.200000000000000000e+01
3.784997999999999934e+02 7.981903686523437500e+02 5.000000000000000000e+01
3.784997999999999934e+02 7.971823120117187500e+02 4.000000000000000000e+01
3.788369999999999891e+02 7.976893920898437500e+02 3.400000000000000000e+01
3.788369999999999891e+02 7.972352905273437500e+02 3.200000000000000000e+01
3.788369999999999891e+02 7.967816162109375000e+02 3.100000000000000000e+01
3.788369999999999891e+02 7.981777343750000000e+02 3.000000000000000000e+01
3.791741999999999848e+02 7.971883544921875000e+02 5.300000000000000000e+01
3.791741999999999848e+02 7.981728515625000000e+02 4.100000000000000000e+01
3.791741999999999848e+02 7.962862548828125000e+02 2.100000000000000000e+01
3.795101999999999975e+02 7.973468017578125000e+02 3.500000000000000000e+01
3.795101999999999975e+02 7.981808471679687500e+02 2.600000000000000000e+01
3.795101999999999975e+02 7.971779785156250000e+02 2.400000000000000000e+01
3.795101999999999975e+02 7.969599609375000000e+02 2.200000000000000000e+01
3.798467999999999734e+02 7.972172241210937500e+02 3.800000000000000000e+01
3.801840000000000259e+02 7.973280029296875000e+02 3.500000000000000000e+01
3.801840000000000259e+02 7.963616943359375000e+02 3.100000000000000000e+01
3.805212000000000216e+02 7.963284912109375000e+02 3.200000000000000000e+01
3.805212000000000216e+02 7.981710205078125000e+02 2.500000000000000000e+01
3.805212000000000216e+02 7.975092163085937500e+02 2.300000000000000000e+01
3.805212000000000216e+02 7.972073974609375000e+02 2.100000000000000000e+01
3.808577999999999975e+02 7.982149658203125000e+02 2.600000000000000000e+01
3.808577999999999975e+02 7.963026733398437500e+02 2.300000000000000000e+01
3.808577999999999975e+02 7.976075439453125000e+02 2.200000000000000000e+01
3.815310000000000059e+02 7.972792358398437500e+02 2.300000000000000000e+01
3.818682000000000016e+02 7.972628173828125000e+02 3.600000000000000000e+01
3.818682000000000016e+02 7.981630249023437500e+02 2.300000000000000000e+01
3.822047999999999774e+02 7.965608520507812500e+02 3.900000000000000000e+01
3.822047999999999774e+02 7.971720581054687500e+02 3.300000000000000000e+01
3.822047999999999774e+02 7.963168334960937500e+02 2.800000000000000000e+01
3.825419999999999732e+02 7.972504882812500000e+02 5.000000000000000000e+01
3.825419999999999732e+02 7.975667114257812500e+02 2.600000000000000000e+01
3.828797999999999888e+02 7.973301391601562500e+02 3.500000000000000000e+01
3.828797999999999888e+02 7.976499023437500000e+02 2.400000000000000000e+01
3.828797999999999888e+02 7.979531250000000000e+02 2.100000000000000000e+01
3.832169999999999845e+02 7.973006591796875000e+02 4.200000000000000000e+01
3.835541999999999803e+02 7.972941894531250000e+02 3.300000000000000000e+01
3.842268000000000256e+02 7.963297119140625000e+02 2.100000000000000000e+01
3.845640000000000214e+02 7.973259277343750000e+02 2.100000000000000000e+01
3.852389999999999759e+02 7.973166503906250000e+02 4.300000000000000000e+01
3.855761999999999716e+02 7.963309936523437500e+02 2.500000000000000000e+01
3.862488000000000170e+02 7.981863403320312500e+02 2.400000000000000000e+01
3.862488000000000170e+02 7.972197875976562500e+02 2.300000000000000000e+01
3.869232000000000085e+02 7.972754516601562500e+02 2.700000000000000000e+01
3.872597999999999843e+02 7.963062133789062500e+02 2.300000000000000000e+01
3.872597999999999843e+02 7.978297119140625000e+02 2.200000000000000000e+01
3.875969999999999800e+02 7.962534790039062500e+02 3.900000000000000000e+01
3.875969999999999800e+02 7.977396240234375000e+02 2.100000000000000000e+01
3.879341999999999757e+02 7.973114624023437500e+02 3.700000000000000000e+01
3.879341999999999757e+02 7.971816406250000000e+02 2.700000000000000000e+01
3.879341999999999757e+02 7.975431518554687500e+02 2.200000000000000000e+01
3.882701999999999884e+02 7.973256225585937500e+02 3.600000000000000000e+01
3.886068000000000211e+02 7.964809570312500000e+02 3.700000000000000000e+01
3.886068000000000211e+02 7.972940673828125000e+02 2.800000000000000000e+01
3.889440000000000168e+02 7.962680664062500000e+02 3.300000000000000000e+01
3.889440000000000168e+02 7.967763061523437500e+02 2.100000000000000000e+01
3.892812000000000126e+02 7.962550659179687500e+02 4.600000000000000000e+01
3.892812000000000126e+02 7.972946777343750000e+02 4.600000000000000000e+01
3.896172000000000253e+02 7.963405151367187500e+02 4.000000000000000000e+01
3.896172000000000253e+02 7.967129516601562500e+02 2.500000000000000000e+01
3.899538000000000011e+02 7.964205932617187500e+02 2.300000000000000000e+01
3.902909999999999968e+02 7.962843627929687500e+02 3.500000000000000000e+01
3.906281999999999925e+02 7.974309692382812500e+02 3.700000000000000000e+01
3.906281999999999925e+02 7.972978515625000000e+02 3.300000000000000000e+01
3.906281999999999925e+02 7.963349609375000000e+02 3.100000000000000000e+01
3.913007999999999811e+02 7.962680664062500000e+02 3.900000000000000000e+01
3.913007999999999811e+02 7.965189819335937500e+02 2.100000000000000000e+01
3.916379999999999768e+02 7.973779296875000000e+02 2.600000000000000000e+01
3.919751999999999725e+02 7.973609619140625000e+02 3.000000000000000000e+01
3.923118000000000052e+02 7.962892456054687500e+02 2.100000000000000000e+01
3.929850000000000136e+02 7.972217407226562500e+02 2.400000000000000000e+01
3.933222000000000094e+02 7.967216186523437500e+02 2.700000000000000000e+01
3.933222000000000094e+02 7.973276367187500000e+02 2.300000000000000000e+01
