3.667092000000000098e+02 8.251974487304687500e+01 2.400000000000000000e+01
3.734447999999999865e+02 8.227956390380859375e+01 3.600000000000000000e+01
3.788369999999999891e+02 8.288031768798828125e+01 2.200000000000000000e+01
3.798467999999999734e+02 8.385236358642578125e+01 2.100000000000000000e+01
3.801840000000000259e+02 8.285298156738281250e+01 2.400000000000000000e+01
3.801840000000000259e+02 8.213156127929687500e+01 2.100000000000000000e+01
3.808577999999999975e+02 8.352905273437500000e+01 2.800000000000000000e+01
3.845640000000000214e+02 8.362021636962890625e+01 2.500000000000000000e+01
3.899538000000000011e+02 8.291544342041015625e+01 2.100000000000000000e+01
3.943331999999999766e+02 8.315966796875000000e+01 2.400000000000000000e+01
