3.697409999999999854e+02 7.892672119140625000e+02 4.000000000000000000e+01
3.697409999999999854e+02 7.901755981445312500e+02 3.700000000000000000e+01
3.700769999999999982e+02 7.891276855468750000e+02 2.400000000000000000e+01
3.700769999999999982e+02 7.907877197265625000e+02 2.100000000000000000e+01
3.704141999999999939e+02 7.901250610351562500e+02 3.400000000000000000e+01
3.704141999999999939e+02 7.903428344726562500e+02 2.100000000000000000e+01
3.707508000000000266e+02 7.893327636718750000e+02 2.800000000000000000e+01
3.707508000000000266e+02 7.902161254882812500e+02 2.700000000000000000e+01
3.717611999999999739e+02 7.893196411132812500e+02 3.100000000000000000e+01
3.720978000000000065e+02 7.892827148437500000e+02 2.700000000000000000e+01
3.724350000000000023e+02 7.909454345703125000e+02 2.100000000000000000e+01
3.727721999999999980e+02 7.901967163085937500e+02 3.800000000000000000e+01
3.731082000000000107e+02 7.908096923828125000e+02 4.900000000000000000e+01
3.731082000000000107e+02 7.892393188476562500e+02 2.200000000000000000e+01
3.734447999999999865e+02 7.895232543945312500e+02 3.100000000000000000e+01
3.734447999999999865e+02 7.903024902343750000e+02 2.400000000000000000e+01
3.734447999999999865e+02 7.892772827148437500e+02 2.400000000000000000e+01
3.737819999999999823e+02 7.910610961914062500e+02 3.700000000000000000e+01
3.737819999999999823e+02 7.904519042968750000e+02 2.100000000000000000e+01
3.741191999999999780e+02 7.906655273437500000e+02 2.500000000000000000e+01
3.744551999999999907e+02 7.893145141601562500e+02 2.200000000000000000e+01
3.747918000000000234e+02 7.904358520507812500e+02 2.100000000000000000e+01
3.751302000000000021e+02 7.902888183593750000e+02 4.800000000000000000e+01
3.754667999999999779e+02 7.902537841796875000e+02 2.100000000000000000e+01
3.758039999999999736e+02 7.892539672851562500e+02 5.700000000000000000e+01
3.758039999999999736e+02 7.902504272460937500e+02 2.700000000000000000e+01
3.758039999999999736e+02 7.910591430664062500e+02 2.400000000000000000e+01
3.764778000000000020e+02 7.897670898437500000e+02 2.400000000000000000e+01
3.764778000000000020e+02 7.892919311523437500e+02 2.400000000000000000e+01
3.764778000000000020e+02 7.901945800781250000e+02 2.100000000000000000e+01
3.774888000000000261e+02 7.892429199218750000e+02 2.500000000000000000e+01
3.778260000000000218e+02 7.901859741210937500e+02 2.300000000000000000e+01
3.781632000000000176e+02 7.902398681640625000e+02 2.700000000000000000e+01
3.784997999999999934e+02 7.892755737304687500e+02 4.000000000000000000e+01
3.788369999999999891e+02 7.892091674804687500e+02 3.900000000000000000e+01
3.788369999999999891e+02 7.907200317382812500e+02 2.600000000000000000e+01
3.788369999999999891e+02 7.900739746093750000e+02 2.400000000000000000e+01
3.788369999999999891e+02 7.897766723632812500e+02 2.400000000000000000e+01
3.791741999999999848e+02 7.903223266601562500e+02 3.100000000000000000e+01
3.791741999999999848e+02 7.892025146484375000e+02 2.800000000000000000e+01
3.791741999999999848e+02 7.893986816406250000e+02 2.500000000000000000e+01
3.795101999999999975e+02 7.902734985351562500e+02 3.400000000000000000e+01
3.798467999999999734e+02 7.901893310546875000e+02 2.400000000000000000e+01
3.801840000000000259e+02 7.893394775390625000e+02 2.200000000000000000e+01
3.801840000000000259e+02 7.901686401367187500e+02 2.100000000000000000e+01
3.805212000000000216e+02 7.907616577148437500e+02 3.400000000000000000e+01
3.805212000000000216e+02 7.902443237304687500e+02 2.800000000000000000e+01
3.811938000000000102e+02 7.893020019531250000e+02 3.000000000000000000e+01
3.815310000000000059e+02 7.892117309570312500e+02 2.300000000000000000e+01
3.818682000000000016e+02 7.896621093750000000e+02 4.300000000000000000e+01
3.818682000000000016e+02 7.891358032226562500e+02 2.800000000000000000e+01
3.818682000000000016e+02 7.902543945312500000e+02 2.500000000000000000e+01
3.818682000000000016e+02 7.907468261718750000e+02 2.400000000000000000e+01
3.818682000000000016e+02 7.906152954101562500e+02 2.100000000000000000e+01
3.818682000000000016e+02 7.892743530273437500e+02 2.100000000000000000e+01
3.822047999999999774e+02 7.903026733398437500e+02 2.700000000000000000e+01
3.828797999999999888e+02 7.901803588867187500e+02 2.700000000000000000e+01
3.828797999999999888e+02 7.902898559570312500e+02 2.600000000000000000e+01
3.828797999999999888e+02 7.893393554687500000e+02 2.300000000000000000e+01
3.832169999999999845e+02 7.901796875000000000e+02 4.600000000000000000e+01
3.832169999999999845e+02 7.893098144531250000e+02 2.500000000000000000e+01
3.845640000000000214e+02 7.900795898437500000e+02 3.500000000000000000e+01
3.845640000000000214e+02 7.891279907226562500e+02 3.300000000000000000e+01
3.845640000000000214e+02 7.893156738281250000e+02 2.200000000000000000e+01
3.849012000000000171e+02 7.908245239257812500e+02 2.900000000000000000e+01
3.849012000000000171e+02 7.897701416015625000e+02 2.200000000000000000e+01
3.852389999999999759e+02 7.902216796875000000e+02 3.600000000000000000e+01
3.859128000000000043e+02 7.893027954101562500e+02 3.100000000000000000e+01
3.859128000000000043e+02 7.902760009765625000e+02 2.400000000000000000e+01
3.862488000000000170e+02 7.893053588867187500e+02 3.000000000000000000e+01
3.865860000000000127e+02 7.910570678710937500e+02 3.300000000000000000e+01
3.865860000000000127e+02 7.902200317382812500e+02 2.400000000000000000e+01
3.869232000000000085e+02 7.893395385742187500e+02 2.400000000000000000e+01
3.872597999999999843e+02 7.892693481445312500e+02 2.400000000000000000e+01
3.875969999999999800e+02 7.892799682617187500e+02 3.200000000000000000e+01
3.875969999999999800e+02 7.898115844726562500e+02 2.600000000000000000e+01
3.875969999999999800e+02 7.907518920898437500e+02 2.100000000000000000e+01
3.879341999999999757e+02 7.893145141601562500e+02 4.900000000000000000e+01
3.882701999999999884e+02 7.903535156250000000e+02 2.900000000000000000e+01
3.886068000000000211e+02 7.903038330078125000e+02 3.600000000000000000e+01
3.886068000000000211e+02 7.892415771484375000e+02 3.400000000000000000e+01
3.889440000000000168e+02 7.892448120117187500e+02 2.700000000000000000e+01
3.889440000000000168e+02 7.903118896484375000e+02 2.300000000000000000e+01
3.892812000000000126e+02 7.903465576171875000e+02 2.600000000000000000e+01
3.892812000000000126e+02 7.892382202148437500e+02 2.400000000000000000e+01
3.892812000000000126e+02 7.893878173828125000e+02 2.100000000000000000e+01
3.896172000000000253e+02 7.892676391601562500e+02 2.600000000000000000e+01
3.899538000000000011e+02 7.892238769531250000e+02 4.500000000000000000e+01
3.899538000000000011e+02 7.902608032226562500e+02 3.000000000000000000e+01
3.899538000000000011e+02 7.893756713867187500e+02 2.400000000000000000e+01
3.902909999999999968e+02 7.898512573242187500e+02 3.700000000000000000e+01
3.906281999999999925e+02 7.902860717773437500e+02 4.400000000000000000e+01
3.906281999999999925e+02 7.909409790039062500e+02 4.200000000000000000e+01
3.906281999999999925e+02 7.907874755859375000e+02 2.100000000000000000e+01
3.909648000000000252e+02 7.892372436523437500e+02 3.400000000000000000e+01
3.909648000000000252e+02 7.902003784179687500e+02 2.200000000000000000e+01
3.913007999999999811e+02 7.901406250000000000e+02 2.600000000000000000e+01
3.913007999999999811e+02 7.903423461914062500e+02 2.500000000000000000e+01
3.916379999999999768e+02 7.902673950195312500e+02 3.000000000000000000e+01
3.923118000000000052e+02 7.893546142578125000e+02 3.000000000000000000e+01
3.926478000000000179e+02 7.901667480468750000e+02 2.700000000000000000e+01
3.926478000000000179e+02 7.903161010742187500e+02 2.700000000000000000e+01
3.936587999999999852e+02 7.902741088867187500e+02 2.700000000000000000e+01
3.939959999999999809e+02 7.907827758789062500e+02 2.200000000000000000e+01
3.943331999999999766e+02 7.895690917968750000e+02 3.400000000000000000e+01
3.943331999999999766e+02 7.892687988281250000e+02 3.100000000000000000e+01
3.946698000000000093e+02 7.902340087890625000e+02 3.100000000000000000e+01
3.946698000000000093e+02 7.892746582031250000e+02 2.900000000000000000e+01
3.946698000000000093e+02 7.896901855468750000e+02 2.100000000000000000e+01
3.950070000000000050e+02 7.892310180664062500e+02 2.500000000000000000e+01
3.956831999999999994e+02 7.891514892578125000e+02 5.600000000000000000e+01
3.956831999999999994e+02 7.893502807617187500e+02 2.300000000000000000e+01
3.963557999999999879e+02 7.891863403320312500e+02 2.200000000000000000e+01
3.966929999999999836e+02 7.893814086914062500e+02 2.100000000000000000e+01
3.973668000000000120e+02 7.902739257812500000e+02 2.100000000000000000e+01
3.980400000000000205e+02 7.903319091796875000e+02 2.600000000000000000e+01
3.983772000000000162e+02 7.893518066406250000e+02 2.300000000000000000e+01
3.983772000000000162e+02 7.903059082031250000e+02 2.300000000000000000e+01
3.990498000000000047e+02 7.893977050781250000e+02 3.900000000000000000e+01
3.990498000000000047e+02 7.891411743164062500e+02 2.500000000000000000e+01
