3.798467999999999734e+02 7.901893310546875000e+02 2.400000000000000000e+01
3.801840000000000259e+02 7.883120727539062500e+02 3.000000000000000000e+01
3.801840000000000259e+02 7.893394775390625000e+02 2.200000000000000000e+01
3.801840000000000259e+02 7.901686401367187500e+02 2.100000000000000000e+01
3.805212000000000216e+02 7.902443237304687500e+02 2.800000000000000000e+01
3.808577999999999975e+02 7.889084472656250000e+02 2.900000000000000000e+01
3.811938000000000102e+02 7.893020019531250000e+02 3.000000000000000000e+01
3.815310000000000059e+02 7.892117309570312500e+02 2.300000000000000000e+01
3.815310000000000059e+02 7.882785034179687500e+02 2.300000000000000000e+01
3.818682000000000016e+02 7.896621093750000000e+02 4.300000000000000000e+01
3.818682000000000016e+02 7.891358032226562500e+02 2.800000000000000000e+01
3.818682000000000016e+02 7.902543945312500000e+02 2.500000000000000000e+01
3.818682000000000016e+02 7.892743530273437500e+02 2.100000000000000000e+01
3.828797999999999888e+02 7.901803588867187500e+02 2.700000000000000000e+01
3.828797999999999888e+02 7.893393554687500000e+02 2.300000000000000000e+01
3.828797999999999888e+02 7.883934936523437500e+02 2.200000000000000000e+01
3.832169999999999845e+02 7.901796875000000000e+02 4.600000000000000000e+01
3.832169999999999845e+02 7.893098144531250000e+02 2.500000000000000000e+01
3.835541999999999803e+02 7.883611450195312500e+02 2.600000000000000000e+01
3.835541999999999803e+02 7.885231933593750000e+02 2.100000000000000000e+01
3.838901999999999930e+02 7.890339965820312500e+02 2.500000000000000000e+01
3.842268000000000256e+02 7.886002197265625000e+02 2.800000000000000000e+01
3.845640000000000214e+02 7.900795898437500000e+02 3.500000000000000000e+01
3.845640000000000214e+02 7.891279907226562500e+02 3.300000000000000000e+01
3.845640000000000214e+02 7.883250732421875000e+02 3.300000000000000000e+01
3.845640000000000214e+02 7.893156738281250000e+02 2.200000000000000000e+01
3.849012000000000171e+02 7.883006591796875000e+02 3.400000000000000000e+01
3.849012000000000171e+02 7.897701416015625000e+02 2.200000000000000000e+01
3.852389999999999759e+02 7.902216796875000000e+02 3.600000000000000000e+01
3.852389999999999759e+02 7.883342895507812500e+02 2.100000000000000000e+01
3.859128000000000043e+02 7.893027954101562500e+02 3.100000000000000000e+01
3.862488000000000170e+02 7.886813354492187500e+02 4.000000000000000000e+01
3.862488000000000170e+02 7.893053588867187500e+02 3.000000000000000000e+01
3.865860000000000127e+02 7.884034423828125000e+02 3.400000000000000000e+01
3.865860000000000127e+02 7.902200317382812500e+02 2.400000000000000000e+01
3.869232000000000085e+02 7.893395385742187500e+02 2.400000000000000000e+01
3.872597999999999843e+02 7.884742431640625000e+02 3.100000000000000000e+01
3.872597999999999843e+02 7.892693481445312500e+02 2.400000000000000000e+01
3.875969999999999800e+02 7.892799682617187500e+02 3.200000000000000000e+01
3.875969999999999800e+02 7.898115844726562500e+02 2.600000000000000000e+01
3.879341999999999757e+02 7.893145141601562500e+02 4.900000000000000000e+01
3.882701999999999884e+02 7.883056640625000000e+02 3.800000000000000000e+01
3.886068000000000211e+02 7.892415771484375000e+02 3.400000000000000000e+01
3.889440000000000168e+02 7.892448120117187500e+02 2.700000000000000000e+01
3.889440000000000168e+02 7.887600097656250000e+02 2.600000000000000000e+01
3.892812000000000126e+02 7.887658691406250000e+02 3.800000000000000000e+01
3.892812000000000126e+02 7.892382202148437500e+02 2.400000000000000000e+01
3.892812000000000126e+02 7.893878173828125000e+02 2.100000000000000000e+01
3.896172000000000253e+02 7.892676391601562500e+02 2.600000000000000000e+01
3.899538000000000011e+02 7.892238769531250000e+02 4.500000000000000000e+01
3.899538000000000011e+02 7.883588256835937500e+02 3.100000000000000000e+01
3.899538000000000011e+02 7.902608032226562500e+02 3.000000000000000000e+01
3.899538000000000011e+02 7.893756713867187500e+02 2.400000000000000000e+01
3.902909999999999968e+02 7.898512573242187500e+02 3.700000000000000000e+01
3.909648000000000252e+02 7.892372436523437500e+02 3.400000000000000000e+01
3.909648000000000252e+02 7.884523925781250000e+02 2.700000000000000000e+01
3.909648000000000252e+02 7.902003784179687500e+02 2.200000000000000000e+01
3.913007999999999811e+02 7.883085937500000000e+02 2.900000000000000000e+01
3.913007999999999811e+02 7.901406250000000000e+02 2.600000000000000000e+01
3.916379999999999768e+02 7.902673950195312500e+02 3.000000000000000000e+01
3.923118000000000052e+02 7.893546142578125000e+02 3.000000000000000000e+01
3.923118000000000052e+02 7.883580932617187500e+02 2.900000000000000000e+01
3.923118000000000052e+02 7.885194702148437500e+02 2.400000000000000000e+01
3.926478000000000179e+02 7.901667480468750000e+02 2.700000000000000000e+01
3.933222000000000094e+02 7.883402709960937500e+02 4.200000000000000000e+01
3.936587999999999852e+02 7.902741088867187500e+02 2.700000000000000000e+01
3.936587999999999852e+02 7.884879760742187500e+02 2.500000000000000000e+01
3.943331999999999766e+02 7.895690917968750000e+02 3.400000000000000000e+01
3.943331999999999766e+02 7.892687988281250000e+02 3.100000000000000000e+01
3.946698000000000093e+02 7.902340087890625000e+02 3.100000000000000000e+01
3.946698000000000093e+02 7.892746582031250000e+02 2.900000000000000000e+01
3.946698000000000093e+02 7.896901855468750000e+02 2.100000000000000000e+01
3.950070000000000050e+02 7.892310180664062500e+02 2.500000000000000000e+01
3.956831999999999994e+02 7.891514892578125000e+02 5.600000000000000000e+01
3.956831999999999994e+02 7.893502807617187500e+02 2.300000000000000000e+01
3.963557999999999879e+02 7.891863403320312500e+02 2.200000000000000000e+01
3.966929999999999836e+02 7.888256225585937500e+02 2.300000000000000000e+01
3.966929999999999836e+02 7.893814086914062500e+02 2.100000000000000000e+01
3.973668000000000120e+02 7.886920166015625000e+02 3.300000000000000000e+01
3.973668000000000120e+02 7.902739257812500000e+02 2.100000000000000000e+01
3.983772000000000162e+02 7.893518066406250000e+02 2.300000000000000000e+01
3.987137999999999920e+02 7.883383178710937500e+02 3.800000000000000000e+01
3.990498000000000047e+02 7.893977050781250000e+02 3.900000000000000000e+01
3.990498000000000047e+02 7.891411743164062500e+02 2.500000000000000000e+01
3.993870000000000005e+02 7.893322753906250000e+02 4.900000000000000000e+01
3.993870000000000005e+02 7.883068237304687500e+02 3.000000000000000000e+01
3.997241999999999962e+02 7.882904052734375000e+02 2.500000000000000000e+01
4.003980000000000246e+02 7.892868041992187500e+02 3.400000000000000000e+01
4.003980000000000246e+02 7.902054443359375000e+02 2.700000000000000000e+01
4.007339999999999804e+02 7.892848510742187500e+02 4.300000000000000000e+01
4.010711999999999762e+02 7.898103637695312500e+02 2.500000000000000000e+01
4.010711999999999762e+02 7.892990722656250000e+02 2.500000000000000000e+01
4.014078000000000088e+02 7.882768554687500000e+02 3.600000000000000000e+01
4.017450000000000045e+02 7.892925415039062500e+02 4.600000000000000000e+01
4.024182000000000130e+02 7.891700439453125000e+02 2.800000000000000000e+01
4.027547999999999888e+02 7.883465576171875000e+02 2.800000000000000000e+01
4.037658000000000129e+02 7.883576049804687500e+02 2.600000000000000000e+01
4.041018000000000256e+02 7.883078002929687500e+02 3.500000000000000000e+01
4.047762000000000171e+02 7.892173461914062500e+02 2.300000000000000000e+01
4.051127999999999929e+02 7.894542846679687500e+02 2.900000000000000000e+01
4.051127999999999929e+02 7.890142211914062500e+02 2.500000000000000000e+01
4.054511999999999716e+02 7.888433227539062500e+02 2.900000000000000000e+01
4.061250000000000000e+02 7.891943359375000000e+02 4.200000000000000000e+01
4.061250000000000000e+02 7.883189697265625000e+02 3.000000000000000000e+01
4.064610000000000127e+02 7.897364501953125000e+02 2.200000000000000000e+01
4.071347999999999843e+02 7.896634521484375000e+02 2.200000000000000000e+01
4.088190000000000168e+02 7.892903442382812500e+02 2.100000000000000000e+01
