3.838901999999999930e+02 7.832796630859375000e+02 4.600000000000000000e+01
3.838901999999999930e+02 7.826968383789062500e+02 2.300000000000000000e+01
3.842268000000000256e+02 7.826761474609375000e+02 2.500000000000000000e+01
3.845640000000000214e+02 7.827589721679687500e+02 2.600000000000000000e+01
3.849012000000000171e+02 7.833143920898437500e+02 4.500000000000000000e+01
3.849012000000000171e+02 7.837193603515625000e+02 2.200000000000000000e+01
3.852389999999999759e+02 7.832279663085937500e+02 4.500000000000000000e+01
3.855761999999999716e+02 7.841306762695312500e+02 2.500000000000000000e+01
3.859128000000000043e+02 7.829555664062500000e+02 2.100000000000000000e+01
3.862488000000000170e+02 7.826744995117187500e+02 2.400000000000000000e+01
3.862488000000000170e+02 7.840683593750000000e+02 2.400000000000000000e+01
3.865860000000000127e+02 7.833209838867187500e+02 2.100000000000000000e+01
3.869232000000000085e+02 7.829372558593750000e+02 2.100000000000000000e+01
3.872597999999999843e+02 7.833832397460937500e+02 5.400000000000000000e+01
3.872597999999999843e+02 7.842772216796875000e+02 3.000000000000000000e+01
3.872597999999999843e+02 7.823134155273437500e+02 2.300000000000000000e+01
3.872597999999999843e+02 7.828145141601562500e+02 2.100000000000000000e+01
3.875969999999999800e+02 7.832800903320312500e+02 4.600000000000000000e+01
3.875969999999999800e+02 7.823408203125000000e+02 2.300000000000000000e+01
3.879341999999999757e+02 7.833561401367187500e+02 2.200000000000000000e+01
3.882701999999999884e+02 7.832526855468750000e+02 2.100000000000000000e+01
3.886068000000000211e+02 7.842456665039062500e+02 4.900000000000000000e+01
3.886068000000000211e+02 7.832705078125000000e+02 4.300000000000000000e+01
3.889440000000000168e+02 7.832680053710937500e+02 3.500000000000000000e+01
3.889440000000000168e+02 7.823174438476562500e+02 3.000000000000000000e+01
3.889440000000000168e+02 7.827509155273437500e+02 2.300000000000000000e+01
3.892812000000000126e+02 7.828381958007812500e+02 4.800000000000000000e+01
3.892812000000000126e+02 7.833132934570312500e+02 3.100000000000000000e+01
3.892812000000000126e+02 7.842808837890625000e+02 3.100000000000000000e+01
3.892812000000000126e+02 7.823188476562500000e+02 2.500000000000000000e+01
3.896172000000000253e+02 7.833331909179687500e+02 5.800000000000000000e+01
3.896172000000000253e+02 7.842914428710937500e+02 4.300000000000000000e+01
3.899538000000000011e+02 7.823691406250000000e+02 4.300000000000000000e+01
3.899538000000000011e+02 7.833079223632812500e+02 3.800000000000000000e+01
3.902909999999999968e+02 7.833170776367187500e+02 3.300000000000000000e+01
3.906281999999999925e+02 7.833421020507812500e+02 3.300000000000000000e+01
3.906281999999999925e+02 7.824837646484375000e+02 2.500000000000000000e+01
3.906281999999999925e+02 7.832084960937500000e+02 2.500000000000000000e+01
3.909648000000000252e+02 7.823491210937500000e+02 4.900000000000000000e+01
3.909648000000000252e+02 7.833032836914062500e+02 4.200000000000000000e+01
3.913007999999999811e+02 7.823056640625000000e+02 3.400000000000000000e+01
3.913007999999999811e+02 7.832462158203125000e+02 2.800000000000000000e+01
3.916379999999999768e+02 7.833184814453125000e+02 2.500000000000000000e+01
3.919751999999999725e+02 7.833345947265625000e+02 2.300000000000000000e+01
3.919751999999999725e+02 7.823806762695312500e+02 2.100000000000000000e+01
3.923118000000000052e+02 7.832778930664062500e+02 2.500000000000000000e+01
3.926478000000000179e+02 7.833729248046875000e+02 2.300000000000000000e+01
3.926478000000000179e+02 7.829273681640625000e+02 2.200000000000000000e+01
3.929850000000000136e+02 7.832646484375000000e+02 2.500000000000000000e+01
3.929850000000000136e+02 7.823546752929687500e+02 2.100000000000000000e+01
3.933222000000000094e+02 7.842519531250000000e+02 2.900000000000000000e+01
3.933222000000000094e+02 7.832789916992187500e+02 2.200000000000000000e+01
3.939959999999999809e+02 7.823115234375000000e+02 3.000000000000000000e+01
3.939959999999999809e+02 7.826448974609375000e+02 2.900000000000000000e+01
3.939959999999999809e+02 7.832457885742187500e+02 2.700000000000000000e+01
3.943331999999999766e+02 7.842593383789062500e+02 2.300000000000000000e+01
3.946698000000000093e+02 7.829411621093750000e+02 2.500000000000000000e+01
3.946698000000000093e+02 7.842273559570312500e+02 2.300000000000000000e+01
3.950070000000000050e+02 7.833480834960937500e+02 2.300000000000000000e+01
3.956831999999999994e+02 7.838876342773437500e+02 2.100000000000000000e+01
3.960192000000000121e+02 7.834594116210937500e+02 3.600000000000000000e+01
3.966929999999999836e+02 7.832253417968750000e+02 2.500000000000000000e+01
3.973668000000000120e+02 7.832968139648437500e+02 3.100000000000000000e+01
3.977028000000000247e+02 7.842963256835937500e+02 2.500000000000000000e+01
3.977028000000000247e+02 7.827352294921875000e+02 2.400000000000000000e+01
3.977028000000000247e+02 7.840977172851562500e+02 2.300000000000000000e+01
3.983772000000000162e+02 7.836000976562500000e+02 2.600000000000000000e+01
3.983772000000000162e+02 7.832453613281250000e+02 2.600000000000000000e+01
3.987137999999999920e+02 7.833052978515625000e+02 2.100000000000000000e+01
3.987137999999999920e+02 7.841146850585937500e+02 2.100000000000000000e+01
3.990498000000000047e+02 7.842534790039062500e+02 2.700000000000000000e+01
3.990498000000000047e+02 7.833197631835937500e+02 2.300000000000000000e+01
4.000607999999999720e+02 7.823223876953125000e+02 3.100000000000000000e+01
4.000607999999999720e+02 7.832523193359375000e+02 2.600000000000000000e+01
4.003980000000000246e+02 7.823465576171875000e+02 2.900000000000000000e+01
4.007339999999999804e+02 7.842474975585937500e+02 2.900000000000000000e+01
4.010711999999999762e+02 7.824403076171875000e+02 2.500000000000000000e+01
4.017450000000000045e+02 7.833536376953125000e+02 2.800000000000000000e+01
4.020822000000000003e+02 7.842692260742187500e+02 2.600000000000000000e+01
4.027547999999999888e+02 7.833108520507812500e+02 2.300000000000000000e+01
4.030919999999999845e+02 7.842899169921875000e+02 2.900000000000000000e+01
4.034291999999999803e+02 7.823844604492187500e+02 2.100000000000000000e+01
4.041018000000000256e+02 7.833078002929687500e+02 2.400000000000000000e+01
4.061250000000000000e+02 7.833589477539062500e+02 3.100000000000000000e+01
4.064610000000000127e+02 7.842768554687500000e+02 2.100000000000000000e+01
4.071347999999999843e+02 7.833137817382812500e+02 3.100000000000000000e+01
4.078079999999999927e+02 7.833833007812500000e+02 2.400000000000000000e+01
4.081451999999999884e+02 7.838218994140625000e+02 2.100000000000000000e+01
4.088190000000000168e+02 7.842161254882812500e+02 3.800000000000000000e+01
4.088190000000000168e+02 7.827482910156250000e+02 2.100000000000000000e+01
4.091562000000000126e+02 7.828162841796875000e+02 2.500000000000000000e+01
4.091562000000000126e+02 7.842919311523437500e+02 2.300000000000000000e+01
4.098288000000000011e+02 7.832020263671875000e+02 2.300000000000000000e+01
4.105031999999999925e+02 7.836960449218750000e+02 3.700000000000000000e+01
4.111770000000000209e+02 7.832975463867187500e+02 3.200000000000000000e+01
4.115142000000000166e+02 7.833471679687500000e+02 2.100000000000000000e+01
4.118507999999999925e+02 7.823208618164062500e+02 3.100000000000000000e+01
4.118507999999999925e+02 7.832583618164062500e+02 3.000000000000000000e+01
4.121879999999999882e+02 7.838398437500000000e+02 2.300000000000000000e+01
4.125240000000000009e+02 7.832847290039062500e+02 3.700000000000000000e+01
4.128611999999999966e+02 7.831987304687500000e+02 3.600000000000000000e+01
4.131977999999999724e+02 7.834009399414062500e+02 3.500000000000000000e+01
4.131977999999999724e+02 7.840083618164062500e+02 2.500000000000000000e+01
