3.865860000000000127e+02 7.862800292968750000e+02 3.300000000000000000e+01
3.869232000000000085e+02 7.853073120117187500e+02 3.100000000000000000e+01
3.869232000000000085e+02 7.868251342773437500e+02 2.500000000000000000e+01
3.869232000000000085e+02 7.862323608398437500e+02 2.300000000000000000e+01
3.872597999999999843e+02 7.853041381835937500e+02 2.700000000000000000e+01
3.872597999999999843e+02 7.857418823242187500e+02 2.100000000000000000e+01
3.875969999999999800e+02 7.852788085937500000e+02 4.600000000000000000e+01
3.875969999999999800e+02 7.863550415039062500e+02 4.400000000000000000e+01
3.879341999999999757e+02 7.871999511718750000e+02 3.700000000000000000e+01
3.879341999999999757e+02 7.863021240234375000e+02 3.500000000000000000e+01
3.879341999999999757e+02 7.853479614257812500e+02 2.100000000000000000e+01
3.882701999999999884e+02 7.862722167968750000e+02 2.400000000000000000e+01
3.882701999999999884e+02 7.853237304687500000e+02 2.200000000000000000e+01
3.882701999999999884e+02 7.867703857421875000e+02 2.100000000000000000e+01
3.886068000000000211e+02 7.852614135742187500e+02 5.100000000000000000e+01
3.889440000000000168e+02 7.862788696289062500e+02 5.900000000000000000e+01
3.892812000000000126e+02 7.862708129882812500e+02 7.000000000000000000e+01
3.892812000000000126e+02 7.853003540039062500e+02 4.700000000000000000e+01
3.892812000000000126e+02 7.872559204101562500e+02 3.400000000000000000e+01
3.892812000000000126e+02 7.867608032226562500e+02 3.300000000000000000e+01
3.896172000000000253e+02 7.852899169921875000e+02 5.000000000000000000e+01
3.896172000000000253e+02 7.867545166015625000e+02 4.100000000000000000e+01
3.896172000000000253e+02 7.863588256835937500e+02 3.200000000000000000e+01
3.899538000000000011e+02 7.862647094726562500e+02 3.000000000000000000e+01
3.902909999999999968e+02 7.862579956054687500e+02 2.500000000000000000e+01
3.902909999999999968e+02 7.867648315429687500e+02 2.300000000000000000e+01
3.906281999999999925e+02 7.866994018554687500e+02 2.600000000000000000e+01
3.906281999999999925e+02 7.862189941406250000e+02 2.500000000000000000e+01
3.909648000000000252e+02 7.869384155273437500e+02 5.300000000000000000e+01
3.909648000000000252e+02 7.872411499023437500e+02 4.400000000000000000e+01
3.909648000000000252e+02 7.862423095703125000e+02 3.800000000000000000e+01
3.909648000000000252e+02 7.853508911132812500e+02 2.600000000000000000e+01
3.913007999999999811e+02 7.872540283203125000e+02 2.300000000000000000e+01
3.913007999999999811e+02 7.857650146484375000e+02 2.100000000000000000e+01
3.916379999999999768e+02 7.866994018554687500e+02 3.000000000000000000e+01
3.916379999999999768e+02 7.853358764648437500e+02 2.400000000000000000e+01
3.916379999999999768e+02 7.863536987304687500e+02 2.400000000000000000e+01
3.919751999999999725e+02 7.853301391601562500e+02 2.500000000000000000e+01
3.923118000000000052e+02 7.858847045898437500e+02 2.400000000000000000e+01
3.926478000000000179e+02 7.867343139648437500e+02 3.200000000000000000e+01
3.926478000000000179e+02 7.853465576171875000e+02 3.000000000000000000e+01
3.926478000000000179e+02 7.872246093750000000e+02 2.200000000000000000e+01
3.926478000000000179e+02 7.863206787109375000e+02 2.100000000000000000e+01
3.929850000000000136e+02 7.853289184570312500e+02 3.100000000000000000e+01
3.929850000000000136e+02 7.865439453125000000e+02 2.700000000000000000e+01
3.933222000000000094e+02 7.852980346679687500e+02 5.400000000000000000e+01
3.933222000000000094e+02 7.867304687500000000e+02 2.200000000000000000e+01
3.943331999999999766e+02 7.872530517578125000e+02 2.600000000000000000e+01
3.943331999999999766e+02 7.864433593750000000e+02 2.600000000000000000e+01
3.943331999999999766e+02 7.867153930664062500e+02 2.100000000000000000e+01
3.950070000000000050e+02 7.862719726562500000e+02 3.400000000000000000e+01
3.950070000000000050e+02 7.867541503906250000e+02 2.600000000000000000e+01
3.953460000000000036e+02 7.852907714843750000e+02 3.300000000000000000e+01
3.953460000000000036e+02 7.864546508789062500e+02 2.200000000000000000e+01
3.960192000000000121e+02 7.872122192382812500e+02 2.700000000000000000e+01
3.960192000000000121e+02 7.857908935546875000e+02 2.200000000000000000e+01
3.963557999999999879e+02 7.857278442382812500e+02 2.100000000000000000e+01
3.966929999999999836e+02 7.853001098632812500e+02 6.100000000000000000e+01
3.966929999999999836e+02 7.862833862304687500e+02 3.200000000000000000e+01
3.970301999999999794e+02 7.852797851562500000e+02 4.500000000000000000e+01
3.970301999999999794e+02 7.862879638671875000e+02 4.200000000000000000e+01
3.973668000000000120e+02 7.852825927734375000e+02 6.200000000000000000e+01
3.973668000000000120e+02 7.862989501953125000e+02 3.300000000000000000e+01
3.977028000000000247e+02 7.852938232421875000e+02 5.400000000000000000e+01
3.977028000000000247e+02 7.863001098632812500e+02 2.700000000000000000e+01
3.980400000000000205e+02 7.852906494140625000e+02 6.800000000000000000e+01
3.983772000000000162e+02 7.852935791015625000e+02 5.400000000000000000e+01
3.983772000000000162e+02 7.867333984375000000e+02 3.000000000000000000e+01
3.987137999999999920e+02 7.852967529296875000e+02 6.400000000000000000e+01
3.987137999999999920e+02 7.862881469726562500e+02 5.600000000000000000e+01
3.987137999999999920e+02 7.868922119140625000e+02 4.300000000000000000e+01
3.987137999999999920e+02 7.860867919921875000e+02 2.200000000000000000e+01
3.990498000000000047e+02 7.852782592773437500e+02 3.300000000000000000e+01
3.990498000000000047e+02 7.863536987304687500e+02 2.500000000000000000e+01
3.993870000000000005e+02 7.862817382812500000e+02 3.000000000000000000e+01
3.993870000000000005e+02 7.853087768554687500e+02 2.900000000000000000e+01
3.997241999999999962e+02 7.855106811523437500e+02 2.200000000000000000e+01
3.997241999999999962e+02 7.869267578125000000e+02 2.200000000000000000e+01
4.007339999999999804e+02 7.852681274414062500e+02 2.600000000000000000e+01
4.010711999999999762e+02 7.852899780273437500e+02 4.600000000000000000e+01
4.014078000000000088e+02 7.852648925781250000e+02 3.700000000000000000e+01
4.014078000000000088e+02 7.872341308593750000e+02 3.100000000000000000e+01
4.014078000000000088e+02 7.859686889648437500e+02 2.900000000000000000e+01
4.014078000000000088e+02 7.862583007812500000e+02 2.500000000000000000e+01
4.017450000000000045e+02 7.857109985351562500e+02 3.000000000000000000e+01
4.017450000000000045e+02 7.863045654296875000e+02 2.400000000000000000e+01
4.020822000000000003e+02 7.854282836914062500e+02 2.400000000000000000e+01
4.024182000000000130e+02 7.852714843750000000e+02 3.200000000000000000e+01
4.024182000000000130e+02 7.871308593750000000e+02 2.600000000000000000e+01
4.027547999999999888e+02 7.861593017578125000e+02 3.100000000000000000e+01
4.030919999999999845e+02 7.859216308593750000e+02 2.400000000000000000e+01
4.037658000000000129e+02 7.869902954101562500e+02 2.800000000000000000e+01
4.037658000000000129e+02 7.863513793945312500e+02 2.700000000000000000e+01
4.041018000000000256e+02 7.864345092773437500e+02 3.300000000000000000e+01
4.044390000000000214e+02 7.862726440429687500e+02 2.200000000000000000e+01
4.047762000000000171e+02 7.852869262695312500e+02 3.700000000000000000e+01
4.054511999999999716e+02 7.857277221679687500e+02 2.700000000000000000e+01
4.054511999999999716e+02 7.852662963867187500e+02 2.200000000000000000e+01
4.061250000000000000e+02 7.853515014648437500e+02 3.600000000000000000e+01
4.061250000000000000e+02 7.872296752929687500e+02 2.200000000000000000e+01
4.067982000000000085e+02 7.859762573242187500e+02 2.200000000000000000e+01
4.071347999999999843e+02 7.857434692382812500e+02 3.600000000000000000e+01
4.074719999999999800e+02 7.852599487304687500e+02 2.400000000000000000e+01
4.078079999999999927e+02 7.852651977539062500e+02 3.600000000000000000e+01
4.084818000000000211e+02 7.863626708984375000e+02 2.600000000000000000e+01
4.091562000000000126e+02 7.852632446289062500e+02 3.000000000000000000e+01
4.094922000000000253e+02 7.862658691406250000e+02 2.400000000000000000e+01
4.098288000000000011e+02 7.872444458007812500e+02 4.900000000000000000e+01
4.098288000000000011e+02 7.853583374023437500e+02 3.100000000000000000e+01
4.115142000000000166e+02 7.871559448242187500e+02 2.100000000000000000e+01
4.118507999999999925e+02 7.853701782226562500e+02 2.600000000000000000e+01
4.128611999999999966e+02 7.856407470703125000e+02 2.300000000000000000e+01
4.135350000000000250e+02 7.858742065429687500e+02 2.300000000000000000e+01
4.135350000000000250e+02 7.854855346679687500e+02 2.100000000000000000e+01
4.138722000000000207e+02 7.854404296875000000e+02 2.400000000000000000e+01
4.142081999999999766e+02 7.853538818359375000e+02 3.100000000000000000e+01
4.142081999999999766e+02 7.859269409179687500e+02 2.500000000000000000e+01
4.145448000000000093e+02 7.852753906250000000e+02 3.000000000000000000e+01
4.145448000000000093e+02 7.861668701171875000e+02 2.500000000000000000e+01
4.148820000000000050e+02 7.858821411132812500e+02 2.300000000000000000e+01
4.155570000000000164e+02 7.862103271484375000e+02 2.900000000000000000e+01
4.158942000000000121e+02 7.862822875976562500e+02 2.100000000000000000e+01
