3.963557999999999879e+02 7.804496459960937500e+02 4.700000000000000000e+01
3.966929999999999836e+02 7.803199462890625000e+02 2.100000000000000000e+01
3.970301999999999794e+02 7.804490966796875000e+02 3.000000000000000000e+01
3.973668000000000120e+02 7.804791870117187500e+02 2.800000000000000000e+01
3.977028000000000247e+02 7.812766113281250000e+02 3.000000000000000000e+01
3.977028000000000247e+02 7.802724609375000000e+02 2.500000000000000000e+01
3.983772000000000162e+02 7.822101440429687500e+02 5.500000000000000000e+01
3.987137999999999920e+02 7.813732299804687500e+02 3.500000000000000000e+01
3.990498000000000047e+02 7.804561767578125000e+02 2.900000000000000000e+01
3.993870000000000005e+02 7.814105834960937500e+02 2.600000000000000000e+01
4.000607999999999720e+02 7.802547607421875000e+02 3.600000000000000000e+01
4.003980000000000246e+02 7.810101318359375000e+02 2.100000000000000000e+01
4.007339999999999804e+02 7.808452148437500000e+02 2.500000000000000000e+01
4.014078000000000088e+02 7.813385009765625000e+02 2.600000000000000000e+01
4.017450000000000045e+02 7.812871704101562500e+02 3.900000000000000000e+01
4.020822000000000003e+02 7.805760498046875000e+02 2.300000000000000000e+01
4.024182000000000130e+02 7.802837524414062500e+02 2.200000000000000000e+01
4.030919999999999845e+02 7.812248535156250000e+02 4.200000000000000000e+01
4.034291999999999803e+02 7.802408447265625000e+02 2.900000000000000000e+01
4.034291999999999803e+02 7.813904418945312500e+02 2.200000000000000000e+01
4.037658000000000129e+02 7.819473876953125000e+02 3.100000000000000000e+01
4.037658000000000129e+02 7.817757568359375000e+02 2.200000000000000000e+01
4.041018000000000256e+02 7.816903686523437500e+02 2.600000000000000000e+01
4.051127999999999929e+02 7.817353515625000000e+02 2.300000000000000000e+01
4.051127999999999929e+02 7.803884887695312500e+02 2.200000000000000000e+01
4.051127999999999929e+02 7.821801147460937500e+02 2.100000000000000000e+01
4.054511999999999716e+02 7.803453369140625000e+02 2.200000000000000000e+01
4.057878000000000043e+02 7.812648315429687500e+02 2.100000000000000000e+01
4.061250000000000000e+02 7.813029785156250000e+02 3.300000000000000000e+01
4.071347999999999843e+02 7.802662353515625000e+02 2.600000000000000000e+01
4.078079999999999927e+02 7.813371582031250000e+02 3.900000000000000000e+01
4.081451999999999884e+02 7.814063110351562500e+02 2.200000000000000000e+01
4.084818000000000211e+02 7.813542480468750000e+02 2.400000000000000000e+01
4.091562000000000126e+02 7.813206176757812500e+02 2.700000000000000000e+01
4.091562000000000126e+02 7.810668945312500000e+02 2.200000000000000000e+01
4.094922000000000253e+02 7.803101196289062500e+02 2.800000000000000000e+01
4.105031999999999925e+02 7.802346191406250000e+02 2.300000000000000000e+01
4.108398000000000252e+02 7.814854125976562500e+02 2.800000000000000000e+01
4.108398000000000252e+02 7.819597167968750000e+02 2.500000000000000000e+01
4.108398000000000252e+02 7.817781372070312500e+02 2.500000000000000000e+01
4.111770000000000209e+02 7.812282104492187500e+02 2.600000000000000000e+01
4.115142000000000166e+02 7.802416992187500000e+02 3.200000000000000000e+01
4.121879999999999882e+02 7.803163452148437500e+02 2.300000000000000000e+01
4.121879999999999882e+02 7.815590209960937500e+02 2.200000000000000000e+01
4.125240000000000009e+02 7.812532958984375000e+02 2.400000000000000000e+01
4.128611999999999966e+02 7.803475952148437500e+02 2.500000000000000000e+01
4.131977999999999724e+02 7.807389526367187500e+02 2.900000000000000000e+01
4.131977999999999724e+02 7.822268066406250000e+02 2.600000000000000000e+01
4.131977999999999724e+02 7.803425903320312500e+02 2.500000000000000000e+01
4.135350000000000250e+02 7.813005371093750000e+02 2.600000000000000000e+01
4.142081999999999766e+02 7.812340087890625000e+02 3.400000000000000000e+01
4.142081999999999766e+02 7.804796752929687500e+02 2.200000000000000000e+01
4.145448000000000093e+02 7.803209228515625000e+02 2.400000000000000000e+01
4.145448000000000093e+02 7.807711791992187500e+02 2.100000000000000000e+01
4.148820000000000050e+02 7.818003540039062500e+02 2.900000000000000000e+01
4.148820000000000050e+02 7.811622924804687500e+02 2.400000000000000000e+01
4.152192000000000007e+02 7.820329589843750000e+02 2.500000000000000000e+01
4.152192000000000007e+02 7.813438110351562500e+02 2.200000000000000000e+01
4.162307999999999879e+02 7.822109985351562500e+02 2.200000000000000000e+01
4.165679999999999836e+02 7.817858886718750000e+02 2.600000000000000000e+01
4.175778000000000247e+02 7.820550537109375000e+02 3.000000000000000000e+01
4.175778000000000247e+02 7.805786132812500000e+02 2.600000000000000000e+01
4.179150000000000205e+02 7.813112182617187500e+02 3.400000000000000000e+01
4.182522000000000162e+02 7.811380004882812500e+02 2.300000000000000000e+01
4.185881999999999721e+02 7.802915649414062500e+02 5.700000000000000000e+01
4.185881999999999721e+02 7.812801513671875000e+02 2.700000000000000000e+01
4.189248000000000047e+02 7.821971435546875000e+02 3.000000000000000000e+01
4.192620000000000005e+02 7.813725585937500000e+02 2.500000000000000000e+01
4.209461999999999762e+02 7.817412109375000000e+02 2.300000000000000000e+01
4.212828000000000088e+02 7.814275512695312500e+02 2.800000000000000000e+01
4.216200000000000045e+02 7.812388916015625000e+02 2.900000000000000000e+01
4.219560000000000173e+02 7.812155761718750000e+02 3.200000000000000000e+01
4.229669999999999845e+02 7.802808837890625000e+02 4.000000000000000000e+01
4.229669999999999845e+02 7.820872802734375000e+02 2.100000000000000000e+01
4.233029999999999973e+02 7.807904663085937500e+02 2.200000000000000000e+01
4.236401999999999930e+02 7.813197021484375000e+02 3.300000000000000000e+01
4.246512000000000171e+02 7.812767944335937500e+02 3.600000000000000000e+01
4.253238000000000056e+02 7.813809204101562500e+02 2.200000000000000000e+01
4.256628000000000043e+02 7.813723144531250000e+02 2.300000000000000000e+01
4.256628000000000043e+02 7.807583007812500000e+02 2.100000000000000000e+01
