4.030919999999999845e+02 7.933553466796875000e+02 2.300000000000000000e+01
4.034291999999999803e+02 7.933009643554687500e+02 2.100000000000000000e+01
4.041018000000000256e+02 7.943385009765625000e+02 2.300000000000000000e+01
4.047762000000000171e+02 7.932325439453125000e+02 2.400000000000000000e+01
4.054511999999999716e+02 7.943496704101562500e+02 3.100000000000000000e+01
4.054511999999999716e+02 7.932512817382812500e+02 2.600000000000000000e+01
4.057878000000000043e+02 7.932907714843750000e+02 2.600000000000000000e+01
4.071347999999999843e+02 7.932778930664062500e+02 3.400000000000000000e+01
4.071347999999999843e+02 7.935698242187500000e+02 2.400000000000000000e+01
4.078079999999999927e+02 7.933423461914062500e+02 3.100000000000000000e+01
4.081451999999999884e+02 7.933145141601562500e+02 2.200000000000000000e+01
4.091562000000000126e+02 7.943303833007812500e+02 3.400000000000000000e+01
4.094922000000000253e+02 7.942298583984375000e+02 2.200000000000000000e+01
4.101659999999999968e+02 7.940859985351562500e+02 2.100000000000000000e+01
4.105031999999999925e+02 7.927741088867187500e+02 2.800000000000000000e+01
4.111770000000000209e+02 7.933251342773437500e+02 2.700000000000000000e+01
4.118507999999999925e+02 7.936278686523437500e+02 2.100000000000000000e+01
4.118507999999999925e+02 7.929832153320312500e+02 2.100000000000000000e+01
4.121879999999999882e+02 7.942384033203125000e+02 3.300000000000000000e+01
4.121879999999999882e+02 7.927815551757812500e+02 2.100000000000000000e+01
4.128611999999999966e+02 7.938732910156250000e+02 3.500000000000000000e+01
4.135350000000000250e+02 7.924331054687500000e+02 2.900000000000000000e+01
4.145448000000000093e+02 7.933908081054687500e+02 2.800000000000000000e+01
4.155570000000000164e+02 7.924813842773437500e+02 3.000000000000000000e+01
4.155570000000000164e+02 7.943065795898437500e+02 2.100000000000000000e+01
4.158942000000000121e+02 7.942282104492187500e+02 2.300000000000000000e+01
4.169039999999999964e+02 7.942653198242187500e+02 3.100000000000000000e+01
4.175778000000000247e+02 7.932223510742187500e+02 2.800000000000000000e+01
4.175778000000000247e+02 7.934154052734375000e+02 2.300000000000000000e+01
4.179150000000000205e+02 7.942572021484375000e+02 2.200000000000000000e+01
4.182522000000000162e+02 7.934151000976562500e+02 3.300000000000000000e+01
4.182522000000000162e+02 7.943109130859375000e+02 2.100000000000000000e+01
4.189248000000000047e+02 7.937108764648437500e+02 2.100000000000000000e+01
4.195991999999999962e+02 7.943134765625000000e+02 3.300000000000000000e+01
4.199357999999999720e+02 7.933559570312500000e+02 2.100000000000000000e+01
4.209461999999999762e+02 7.942786254882812500e+02 4.100000000000000000e+01
4.212828000000000088e+02 7.925578613281250000e+02 2.800000000000000000e+01
4.216200000000000045e+02 7.942511596679687500e+02 3.500000000000000000e+01
4.222932000000000130e+02 7.933179321289062500e+02 2.700000000000000000e+01
4.229669999999999845e+02 7.943404541015625000e+02 2.500000000000000000e+01
4.229669999999999845e+02 7.932797241210937500e+02 2.100000000000000000e+01
4.233029999999999973e+02 7.941878051757812500e+02 2.800000000000000000e+01
4.233029999999999973e+02 7.943441162109375000e+02 2.400000000000000000e+01
4.236401999999999930e+02 7.931929931640625000e+02 2.200000000000000000e+01
4.239768000000000256e+02 7.943327636718750000e+02 2.600000000000000000e+01
4.243140000000000214e+02 7.933289794921875000e+02 2.800000000000000000e+01
4.249871999999999730e+02 7.927898559570312500e+02 2.400000000000000000e+01
4.249871999999999730e+02 7.943719482421875000e+02 2.200000000000000000e+01
4.249871999999999730e+02 7.935477294921875000e+02 2.100000000000000000e+01
4.249871999999999730e+02 7.941787109375000000e+02 2.100000000000000000e+01
4.259988000000000170e+02 7.942557983398437500e+02 3.900000000000000000e+01
4.273469999999999800e+02 7.933538818359375000e+02 3.100000000000000000e+01
4.273469999999999800e+02 7.931276855468750000e+02 2.100000000000000000e+01
4.283580000000000041e+02 7.929512329101562500e+02 2.500000000000000000e+01
4.290317999999999756e+02 7.936749267578125000e+02 3.300000000000000000e+01
4.290317999999999756e+02 7.933530273437500000e+02 2.200000000000000000e+01
4.307160000000000082e+02 7.943539428710937500e+02 2.400000000000000000e+01
4.310532000000000039e+02 7.942722167968750000e+02 2.400000000000000000e+01
4.313897999999999797e+02 7.926630249023437500e+02 2.800000000000000000e+01
4.313897999999999797e+02 7.931373901367187500e+02 2.600000000000000000e+01
4.313897999999999797e+02 7.944116210937500000e+02 2.300000000000000000e+01
4.313897999999999797e+02 7.933350219726562500e+02 2.100000000000000000e+01
4.317257999999999925e+02 7.941948242187500000e+02 3.000000000000000000e+01
