4.283580000000000041e+02 7.953864135742187500e+02 2.100000000000000000e+01
4.283580000000000041e+02 7.962843017578125000e+02 2.100000000000000000e+01
4.290317999999999756e+02 7.953657836914062500e+02 3.600000000000000000e+01
4.290317999999999756e+02 7.962210693359375000e+02 2.200000000000000000e+01
4.293690000000000282e+02 7.951203002929687500e+02 2.700000000000000000e+01
4.297062000000000239e+02 7.962346801757812500e+02 2.200000000000000000e+01
4.303788000000000125e+02 7.956862792968750000e+02 2.700000000000000000e+01
4.310532000000000039e+02 7.952232666015625000e+02 2.600000000000000000e+01
4.313897999999999797e+02 7.952606201171875000e+02 2.800000000000000000e+01
4.313897999999999797e+02 7.944116210937500000e+02 2.300000000000000000e+01
4.313897999999999797e+02 7.954755249023437500e+02 2.300000000000000000e+01
4.320629999999999882e+02 7.963417968750000000e+02 2.300000000000000000e+01
4.324001999999999839e+02 7.953883666992187500e+02 2.400000000000000000e+01
4.324001999999999839e+02 7.963846435546875000e+02 2.300000000000000000e+01
4.324001999999999839e+02 7.961562500000000000e+02 2.200000000000000000e+01
4.330740000000000123e+02 7.953869628906250000e+02 5.900000000000000000e+01
4.334100000000000250e+02 7.959460449218750000e+02 2.200000000000000000e+01
4.337472000000000207e+02 7.953792724609375000e+02 3.100000000000000000e+01
4.337472000000000207e+02 7.952072753906250000e+02 2.400000000000000000e+01
4.340837999999999965e+02 7.952811279296875000e+02 2.300000000000000000e+01
4.340837999999999965e+02 7.963453979492187500e+02 2.200000000000000000e+01
4.344209999999999923e+02 7.953841552734375000e+02 4.000000000000000000e+01
4.347570000000000050e+02 7.944505615234375000e+02 3.100000000000000000e+01
4.347570000000000050e+02 7.961752929687500000e+02 3.100000000000000000e+01
4.347570000000000050e+02 7.963675537109375000e+02 3.100000000000000000e+01
4.350942000000000007e+02 7.953663940429687500e+02 3.700000000000000000e+01
4.354307999999999765e+02 7.953519897460937500e+02 3.000000000000000000e+01
4.357692000000000121e+02 7.953159790039062500e+02 6.800000000000000000e+01
4.357692000000000121e+02 7.963803100585937500e+02 3.300000000000000000e+01
4.361057999999999879e+02 7.953434448242187500e+02 4.400000000000000000e+01
4.361057999999999879e+02 7.963432006835937500e+02 2.500000000000000000e+01
4.364429999999999836e+02 7.953301391601562500e+02 3.000000000000000000e+01
4.367801999999999794e+02 7.953459472656250000e+02 4.200000000000000000e+01
4.367801999999999794e+02 7.944038085937500000e+02 2.200000000000000000e+01
4.367801999999999794e+02 7.963300170898437500e+02 2.100000000000000000e+01
4.371161999999999921e+02 7.953235473632812500e+02 5.900000000000000000e+01
4.371161999999999921e+02 7.954857177734375000e+02 3.700000000000000000e+01
4.371161999999999921e+02 7.963420410156250000e+02 3.500000000000000000e+01
4.371161999999999921e+02 7.946913452148437500e+02 2.100000000000000000e+01
4.374528000000000247e+02 7.953564453125000000e+02 3.500000000000000000e+01
4.374528000000000247e+02 7.963318481445312500e+02 2.900000000000000000e+01
4.374528000000000247e+02 7.955850830078125000e+02 2.500000000000000000e+01
4.377900000000000205e+02 7.953228759765625000e+02 4.500000000000000000e+01
4.377900000000000205e+02 7.963319702148437500e+02 3.200000000000000000e+01
4.377900000000000205e+02 7.945856323242187500e+02 2.400000000000000000e+01
4.377900000000000205e+02 7.955689697265625000e+02 2.200000000000000000e+01
4.381272000000000162e+02 7.946002197265625000e+02 3.300000000000000000e+01
4.381272000000000162e+02 7.958765869140625000e+02 2.400000000000000000e+01
4.381272000000000162e+02 7.952105102539062500e+02 2.200000000000000000e+01
4.384637999999999920e+02 7.963789062500000000e+02 2.700000000000000000e+01
4.388009999999999877e+02 7.953331909179687500e+02 4.900000000000000000e+01
4.388009999999999877e+02 7.954765014648437500e+02 4.700000000000000000e+01
4.391370000000000005e+02 7.963377075195312500e+02 3.400000000000000000e+01
4.398107999999999720e+02 7.944991455078125000e+02 2.500000000000000000e+01
4.401480000000000246e+02 7.957975463867187500e+02 2.600000000000000000e+01
4.401480000000000246e+02 7.945681152343750000e+02 2.600000000000000000e+01
4.404852000000000203e+02 7.952553710937500000e+02 3.100000000000000000e+01
4.404852000000000203e+02 7.963278198242187500e+02 2.500000000000000000e+01
4.411578000000000088e+02 7.963869018554687500e+02 5.200000000000000000e+01
4.411578000000000088e+02 7.956989746093750000e+02 2.800000000000000000e+01
4.411578000000000088e+02 7.944540405273437500e+02 2.400000000000000000e+01
4.414950000000000045e+02 7.952489013671875000e+02 3.100000000000000000e+01
4.418322000000000003e+02 7.955553588867187500e+02 2.100000000000000000e+01
4.418322000000000003e+02 7.948417358398437500e+02 2.100000000000000000e+01
4.421687999999999761e+02 7.961044311523437500e+02 2.400000000000000000e+01
4.425047999999999888e+02 7.963583374023437500e+02 2.200000000000000000e+01
4.431791999999999803e+02 7.953888549804687500e+02 3.100000000000000000e+01
4.438518000000000256e+02 7.962766723632812500e+02 3.200000000000000000e+01
4.441890000000000214e+02 7.953518676757812500e+02 2.100000000000000000e+01
4.445267999999999802e+02 7.962985229492187500e+02 3.300000000000000000e+01
4.462128000000000156e+02 7.959896850585937500e+02 2.100000000000000000e+01
4.485708000000000197e+02 7.963140869140625000e+02 2.300000000000000000e+01
4.495812000000000239e+02 7.953273925781250000e+02 3.000000000000000000e+01
4.499177999999999997e+02 7.953031616210937500e+02 3.200000000000000000e+01
4.512647999999999797e+02 7.963529052734375000e+02 2.100000000000000000e+01
4.549698000000000206e+02 7.952226562500000000e+02 4.100000000000000000e+01
4.559820000000000277e+02 7.953121337890625000e+02 2.900000000000000000e+01
4.566551999999999794e+02 7.963820800781250000e+02 2.200000000000000000e+01
