4.310532000000000039e+02 8.024495849609375000e+02 2.400000000000000000e+01
4.313897999999999797e+02 8.023079223632812500e+02 4.100000000000000000e+01
4.340837999999999965e+02 8.012877197265625000e+02 2.200000000000000000e+01
4.344209999999999923e+02 8.013178100585937500e+02 3.200000000000000000e+01
4.347570000000000050e+02 8.014763793945312500e+02 2.400000000000000000e+01
4.354307999999999765e+02 8.013480224609375000e+02 3.200000000000000000e+01
4.354307999999999765e+02 8.004868774414062500e+02 2.300000000000000000e+01
4.361057999999999879e+02 8.017636718750000000e+02 2.900000000000000000e+01
4.361057999999999879e+02 8.013685302734375000e+02 2.400000000000000000e+01
4.364429999999999836e+02 8.014957885742187500e+02 2.700000000000000000e+01
4.364429999999999836e+02 8.023446655273437500e+02 2.500000000000000000e+01
4.367801999999999794e+02 8.023073730468750000e+02 2.300000000000000000e+01
4.374528000000000247e+02 8.012847900390625000e+02 2.600000000000000000e+01
4.377900000000000205e+02 8.023639526367187500e+02 2.200000000000000000e+01
4.381272000000000162e+02 8.024127807617187500e+02 3.000000000000000000e+01
4.381272000000000162e+02 8.018057250976562500e+02 2.300000000000000000e+01
4.384637999999999920e+02 8.015316772460937500e+02 3.700000000000000000e+01
4.384637999999999920e+02 8.013389282226562500e+02 3.400000000000000000e+01
4.384637999999999920e+02 8.024328613281250000e+02 2.700000000000000000e+01
4.388009999999999877e+02 8.010380859375000000e+02 2.700000000000000000e+01
4.388009999999999877e+02 8.013530883789062500e+02 2.300000000000000000e+01
4.391370000000000005e+02 8.022824707031250000e+02 2.400000000000000000e+01
4.394741999999999962e+02 8.014088134765625000e+02 3.000000000000000000e+01
4.394741999999999962e+02 8.023264160156250000e+02 2.300000000000000000e+01
4.398107999999999720e+02 8.005814819335937500e+02 3.200000000000000000e+01
4.398107999999999720e+02 8.024289550781250000e+02 2.800000000000000000e+01
4.398107999999999720e+02 8.014197387695312500e+02 2.600000000000000000e+01
4.398107999999999720e+02 8.007836914062500000e+02 2.300000000000000000e+01
4.401480000000000246e+02 8.014079589843750000e+02 5.100000000000000000e+01
4.404852000000000203e+02 8.023258056640625000e+02 2.300000000000000000e+01
4.408211999999999762e+02 8.014034423828125000e+02 3.700000000000000000e+01
4.411578000000000088e+02 8.022406005859375000e+02 2.400000000000000000e+01
4.418322000000000003e+02 8.021584472656250000e+02 2.300000000000000000e+01
4.418322000000000003e+02 8.013978271484375000e+02 2.300000000000000000e+01
4.421687999999999761e+02 8.014088134765625000e+02 2.300000000000000000e+01
4.425047999999999888e+02 8.019594116210937500e+02 3.000000000000000000e+01
4.425047999999999888e+02 8.022971191406250000e+02 2.100000000000000000e+01
4.428419999999999845e+02 8.023547973632812500e+02 3.700000000000000000e+01
4.452011999999999716e+02 8.023918457031250000e+02 2.200000000000000000e+01
4.455378000000000043e+02 8.023983154296875000e+02 3.600000000000000000e+01
4.455378000000000043e+02 8.014635009765625000e+02 2.200000000000000000e+01
4.458761999999999830e+02 8.023004150390625000e+02 2.100000000000000000e+01
4.465500000000000114e+02 8.015617675781250000e+02 2.300000000000000000e+01
4.472232000000000198e+02 8.022857666015625000e+02 3.500000000000000000e+01
4.475597999999999956e+02 8.023380737304687500e+02 2.100000000000000000e+01
4.478969999999999914e+02 8.022844848632812500e+02 2.100000000000000000e+01
4.489067999999999756e+02 8.013927612304687500e+02 2.200000000000000000e+01
4.492440000000000282e+02 8.013126831054687500e+02 2.400000000000000000e+01
4.505910000000000082e+02 8.009677124023437500e+02 2.500000000000000000e+01
4.509282000000000039e+02 8.013361206054687500e+02 2.300000000000000000e+01
4.516019999999999754e+02 8.014271240234375000e+02 3.900000000000000000e+01
4.516019999999999754e+02 8.023351440429687500e+02 2.400000000000000000e+01
4.519392000000000280e+02 8.022400512695312500e+02 2.300000000000000000e+01
4.536227999999999838e+02 8.022380981445312500e+02 2.500000000000000000e+01
4.576662000000000035e+02 8.023267211914062500e+02 2.100000000000000000e+01
4.600230000000000246e+02 8.022675170898437500e+02 2.500000000000000000e+01
