4.428419999999999845e+02 7.912903442382812500e+02 2.200000000000000000e+01
4.435158000000000129e+02 7.913793334960937500e+02 2.600000000000000000e+01
4.441890000000000214e+02 7.913621826171875000e+02 2.500000000000000000e+01
4.445267999999999802e+02 7.916325073242187500e+02 2.400000000000000000e+01
4.445267999999999802e+02 7.913150634765625000e+02 2.400000000000000000e+01
4.445267999999999802e+02 7.923013916015625000e+02 2.200000000000000000e+01
4.458761999999999830e+02 7.923728637695312500e+02 2.300000000000000000e+01
4.465500000000000114e+02 7.923807983398437500e+02 2.300000000000000000e+01
4.475597999999999956e+02 7.913553466796875000e+02 3.400000000000000000e+01
4.475597999999999956e+02 7.925523681640625000e+02 2.100000000000000000e+01
4.482341999999999871e+02 7.923595581054687500e+02 3.400000000000000000e+01
4.485708000000000197e+02 7.913824462890625000e+02 3.000000000000000000e+01
4.492440000000000282e+02 7.913497314453125000e+02 2.100000000000000000e+01
4.495812000000000239e+02 7.921542358398437500e+02 2.600000000000000000e+01
4.495812000000000239e+02 7.913314208984375000e+02 2.500000000000000000e+01
4.499177999999999997e+02 7.913732299804687500e+02 3.100000000000000000e+01
4.502549999999999955e+02 7.923400268554687500e+02 2.100000000000000000e+01
4.505910000000000082e+02 7.913835449218750000e+02 4.500000000000000000e+01
4.505910000000000082e+02 7.923732910156250000e+02 2.600000000000000000e+01
4.516019999999999754e+02 7.923319091796875000e+02 2.200000000000000000e+01
4.526118000000000166e+02 7.913461303710937500e+02 3.000000000000000000e+01
4.532862000000000080e+02 7.912969360351562500e+02 2.800000000000000000e+01
4.532862000000000080e+02 7.922544555664062500e+02 2.100000000000000000e+01
4.549698000000000206e+02 7.914357910156250000e+02 2.900000000000000000e+01
4.553070000000000164e+02 7.913422241210937500e+02 2.100000000000000000e+01
4.556429999999999723e+02 7.924131469726562500e+02 2.200000000000000000e+01
4.563179999999999836e+02 7.915974731445312500e+02 3.300000000000000000e+01
4.563179999999999836e+02 7.913114624023437500e+02 2.700000000000000000e+01
4.563179999999999836e+02 7.923811035156250000e+02 2.500000000000000000e+01
4.573290000000000077e+02 7.923467407226562500e+02 2.300000000000000000e+01
4.576662000000000035e+02 7.920807495117187500e+02 2.100000000000000000e+01
4.583387999999999920e+02 7.913897094726562500e+02 3.000000000000000000e+01
4.583387999999999920e+02 7.923729858398437500e+02 2.300000000000000000e+01
4.586759999999999877e+02 7.930405273437500000e+02 2.200000000000000000e+01
4.593491999999999962e+02 7.923110961914062500e+02 2.600000000000000000e+01
4.606967999999999961e+02 7.928520507812500000e+02 2.100000000000000000e+01
4.606967999999999961e+02 7.922719726562500000e+02 2.100000000000000000e+01
4.613711999999999875e+02 7.913802490234375000e+02 2.700000000000000000e+01
4.617078000000000202e+02 7.923253784179687500e+02 2.300000000000000000e+01
4.630559999999999832e+02 7.923716430664062500e+02 2.100000000000000000e+01
4.637291999999999916e+02 7.914080200195312500e+02 2.900000000000000000e+01
4.637291999999999916e+02 7.918382568359375000e+02 2.300000000000000000e+01
4.640658000000000243e+02 7.923598632812500000e+02 2.400000000000000000e+01
4.647402000000000157e+02 7.914954833984375000e+02 2.700000000000000000e+01
4.650761999999999716e+02 7.913532714843750000e+02 3.700000000000000000e+01
4.650761999999999716e+02 7.923449707031250000e+02 3.200000000000000000e+01
4.650761999999999716e+02 7.918008422851562500e+02 2.700000000000000000e+01
4.657500000000000000e+02 7.924113159179687500e+02 2.700000000000000000e+01
4.660878000000000156e+02 7.923734741210937500e+02 2.700000000000000000e+01
4.660878000000000156e+02 7.917418212890625000e+02 2.300000000000000000e+01
4.660878000000000156e+02 7.913806762695312500e+02 2.100000000000000000e+01
4.664250000000000114e+02 7.922984008789062500e+02 2.200000000000000000e+01
4.667622000000000071e+02 7.913536987304687500e+02 2.900000000000000000e+01
4.667622000000000071e+02 7.929379272460937500e+02 2.100000000000000000e+01
4.670987999999999829e+02 7.913452148437500000e+02 3.400000000000000000e+01
4.670987999999999829e+02 7.914630737304687500e+02 3.100000000000000000e+01
4.670987999999999829e+02 7.923215942382812500e+02 2.200000000000000000e+01
4.674359999999999786e+02 7.924170532226562500e+02 3.700000000000000000e+01
4.674359999999999786e+02 7.914720458984375000e+02 3.300000000000000000e+01
4.674359999999999786e+02 7.916480712890625000e+02 2.200000000000000000e+01
4.677719999999999914e+02 7.914111328125000000e+02 3.100000000000000000e+01
4.677719999999999914e+02 7.923495483398437500e+02 2.600000000000000000e+01
4.681091999999999871e+02 7.914122314453125000e+02 4.900000000000000000e+01
4.687830000000000155e+02 7.914200439453125000e+02 2.100000000000000000e+01
4.691202000000000112e+02 7.913807983398437500e+02 3.400000000000000000e+01
4.697927999999999997e+02 7.930741577148437500e+02 2.800000000000000000e+01
4.697927999999999997e+02 7.923648071289062500e+02 2.400000000000000000e+01
4.697927999999999997e+02 7.913297119140625000e+02 2.100000000000000000e+01
4.701299999999999955e+02 7.923364257812500000e+02 2.800000000000000000e+01
4.701299999999999955e+02 7.913341674804687500e+02 2.100000000000000000e+01
4.704671999999999912e+02 7.913563842773437500e+02 2.500000000000000000e+01
4.704671999999999912e+02 7.930748291015625000e+02 2.200000000000000000e+01
4.711397999999999797e+02 7.913597412109375000e+02 4.000000000000000000e+01
4.711397999999999797e+02 7.923621215820312500e+02 3.300000000000000000e+01
4.711397999999999797e+02 7.922413940429687500e+02 2.700000000000000000e+01
4.711397999999999797e+02 7.917265014648437500e+02 2.300000000000000000e+01
4.714769999999999754e+02 7.913440551757812500e+02 3.300000000000000000e+01
4.714769999999999754e+02 7.923991699218750000e+02 2.300000000000000000e+01
4.718142000000000280e+02 7.913413085937500000e+02 3.000000000000000000e+01
4.718142000000000280e+02 7.923436889648437500e+02 2.300000000000000000e+01
4.721508000000000038e+02 7.913492431640625000e+02 3.800000000000000000e+01
4.721508000000000038e+02 7.923564453125000000e+02 2.400000000000000000e+01
4.721508000000000038e+02 7.926965942382812500e+02 2.100000000000000000e+01
