5.058389999999999986e+02 6.792030029296875000e+02 2.100000000000000000e+01
5.061761999999999944e+02 6.792691040039062500e+02 3.400000000000000000e+01
5.061761999999999944e+02 6.783129882812500000e+02 2.500000000000000000e+01
5.068512000000000057e+02 6.793092651367187500e+02 3.800000000000000000e+01
5.075237999999999943e+02 6.785872802734375000e+02 2.400000000000000000e+01
5.075237999999999943e+02 6.792584228515625000e+02 2.300000000000000000e+01
5.078609999999999900e+02 6.785238037109375000e+02 2.500000000000000000e+01
5.085348000000000184e+02 6.799273681640625000e+02 2.200000000000000000e+01
5.098817999999999984e+02 6.784498291015625000e+02 2.400000000000000000e+01
5.119032000000000266e+02 6.782965087890625000e+02 2.800000000000000000e+01
5.122397999999999456e+02 6.798771972656250000e+02 2.100000000000000000e+01
5.122397999999999456e+02 6.793625488281250000e+02 2.100000000000000000e+01
5.125782000000000380e+02 6.792840576171875000e+02 2.700000000000000000e+01
5.125782000000000380e+02 6.782796020507812500e+02 2.400000000000000000e+01
5.129142000000000507e+02 6.792186279296875000e+02 2.600000000000000000e+01
5.135879999999999654e+02 6.793772583007812500e+02 3.700000000000000000e+01
5.142617999999999938e+02 6.792627563476562500e+02 3.100000000000000000e+01
5.142617999999999938e+02 6.783034667968750000e+02 3.000000000000000000e+01
5.145978000000000065e+02 6.791903686523437500e+02 2.600000000000000000e+01
5.149349999999999454e+02 6.793274536132812500e+02 2.100000000000000000e+01
5.152721999999999980e+02 6.798984375000000000e+02 2.700000000000000000e+01
5.156087999999999738e+02 6.782043457031250000e+02 3.600000000000000000e+01
5.159460000000000264e+02 6.782852783203125000e+02 2.500000000000000000e+01
5.162820000000000391e+02 6.782659301757812500e+02 3.200000000000000000e+01
5.162820000000000391e+02 6.792910766601562500e+02 2.300000000000000000e+01
5.166209999999999809e+02 6.782715454101562500e+02 2.100000000000000000e+01
5.169582000000000335e+02 6.800624389648437500e+02 3.100000000000000000e+01
5.186417999999999893e+02 6.782952880859375000e+02 2.200000000000000000e+01
5.206620000000000346e+02 6.792001953125000000e+02 2.300000000000000000e+01
5.213357999999999493e+02 6.782732543945312500e+02 4.200000000000000000e+01
5.213357999999999493e+02 6.793323364257812500e+02 4.000000000000000000e+01
5.216730000000000018e+02 6.783947143554687500e+02 2.300000000000000000e+01
5.233572000000000344e+02 6.792808837890625000e+02 2.100000000000000000e+01
5.247047999999999774e+02 6.797993164062500000e+02 2.900000000000000000e+01
5.247047999999999774e+02 6.790791625976562500e+02 2.400000000000000000e+01
5.267268000000000256e+02 6.783359985351562500e+02 2.200000000000000000e+01
5.274012000000000171e+02 6.783510742187500000e+02 2.300000000000000000e+01
5.277377999999999929e+02 6.792226562500000000e+02 3.000000000000000000e+01
5.284121999999999844e+02 6.791929321289062500e+02 2.100000000000000000e+01
5.290860000000000127e+02 6.782863159179687500e+02 2.600000000000000000e+01
5.290860000000000127e+02 6.792585449218750000e+02 2.300000000000000000e+01
5.304342000000000326e+02 6.793457641601562500e+02 2.500000000000000000e+01
5.307708000000000084e+02 6.792374877929687500e+02 2.100000000000000000e+01
5.311079999999999472e+02 6.782487792968750000e+02 2.700000000000000000e+01
5.311079999999999472e+02 6.792592773437500000e+02 2.400000000000000000e+01
5.314451999999999998e+02 6.782147827148437500e+02 2.800000000000000000e+01
5.317812000000000126e+02 6.800840454101562500e+02 2.300000000000000000e+01
5.324550000000000409e+02 6.787756958007812500e+02 2.300000000000000000e+01
5.334647999999999683e+02 6.783524169921875000e+02 2.500000000000000000e+01
5.344758000000000493e+02 6.792904663085937500e+02 2.600000000000000000e+01
5.351490000000000009e+02 6.782330322265625000e+02 3.900000000000000000e+01
