3.857802000000000220e+01 8.869520263671875000e+02 4.000000000000000000e+01
3.891497999999999990e+01 8.879254150390625000e+02 2.500000000000000000e+01
3.891497999999999990e+01 8.884360351562500000e+02 2.100000000000000000e+01
3.925200000000000244e+01 8.870803222656250000e+02 3.600000000000000000e+01
3.925200000000000244e+01 8.880394897460937500e+02 2.900000000000000000e+01
3.958901999999999788e+01 8.878677978515625000e+02 2.200000000000000000e+01
3.958901999999999788e+01 8.867268066406250000e+02 2.100000000000000000e+01
3.992598000000000269e+01 8.878848266601562500e+02 3.200000000000000000e+01
4.026299999999999812e+01 8.869703979492187500e+02 3.200000000000000000e+01
4.026299999999999812e+01 8.879336547851562500e+02 2.900000000000000000e+01
4.026299999999999812e+01 8.874443359375000000e+02 2.400000000000000000e+01
4.060002000000000066e+01 8.879659423828125000e+02 3.000000000000000000e+01
4.060002000000000066e+01 8.868063964843750000e+02 2.300000000000000000e+01
4.093697999999999837e+01 8.868648071289062500e+02 4.800000000000000000e+01
4.093697999999999837e+01 8.874714355468750000e+02 2.300000000000000000e+01
4.127400000000000091e+01 8.878833618164062500e+02 2.400000000000000000e+01
4.161198000000000263e+01 8.879642944335937500e+02 5.200000000000000000e+01
4.161198000000000263e+01 8.874591674804687500e+02 4.000000000000000000e+01
4.194899999999999807e+01 8.879477539062500000e+02 3.200000000000000000e+01
4.194899999999999807e+01 8.884786376953125000e+02 2.800000000000000000e+01
4.228602000000000061e+01 8.865258178710937500e+02 4.000000000000000000e+01
4.228602000000000061e+01 8.880115356445312500e+02 3.300000000000000000e+01
4.262297999999999831e+01 8.880921630859375000e+02 4.500000000000000000e+01
4.262297999999999831e+01 8.874794311523437500e+02 2.400000000000000000e+01
4.262297999999999831e+01 8.870822143554687500e+02 2.300000000000000000e+01
4.295897999999999683e+01 8.870444946289062500e+02 3.100000000000000000e+01
4.295897999999999683e+01 8.875137329101562500e+02 2.700000000000000000e+01
4.295897999999999683e+01 8.880220336914062500e+02 2.400000000000000000e+01
4.329599999999999937e+01 8.870520629882812500e+02 3.000000000000000000e+01
4.329599999999999937e+01 8.875331420898437500e+02 2.500000000000000000e+01
4.329599999999999937e+01 8.880761718750000000e+02 2.400000000000000000e+01
4.363302000000000191e+01 8.870263061523437500e+02 4.400000000000000000e+01
4.363302000000000191e+01 8.880216064453125000e+02 3.500000000000000000e+01
4.396997999999999962e+01 8.884764404296875000e+02 4.000000000000000000e+01
4.396997999999999962e+01 8.880095825195312500e+02 3.300000000000000000e+01
4.396997999999999962e+01 8.870762939453125000e+02 2.300000000000000000e+01
4.430597999999999814e+01 8.880543212890625000e+02 3.800000000000000000e+01
4.430597999999999814e+01 8.865784912109375000e+02 3.400000000000000000e+01
4.430597999999999814e+01 8.870817871093750000e+02 2.700000000000000000e+01
4.498002000000000322e+01 8.879542236328125000e+02 2.700000000000000000e+01
4.531698000000000093e+01 8.875369873046875000e+02 3.300000000000000000e+01
4.565400000000000347e+01 8.870100097656250000e+02 2.100000000000000000e+01
4.599000000000000199e+01 8.878126220703125000e+02 2.400000000000000000e+01
4.632701999999999742e+01 8.870718383789062500e+02 2.300000000000000000e+01
4.632701999999999742e+01 8.880208740234375000e+02 2.300000000000000000e+01
4.666398000000000224e+01 8.876377563476562500e+02 2.600000000000000000e+01
4.801098000000000354e+01 8.879148559570312500e+02 3.200000000000000000e+01
4.834799999999999898e+01 8.869979248046875000e+02 2.400000000000000000e+01
5.036898000000000053e+01 8.869871215820312500e+02 2.800000000000000000e+01
5.137901999999999703e+01 8.882829589843750000e+02 2.100000000000000000e+01
5.272800000000000153e+01 8.871418457031250000e+02 2.300000000000000000e+01
5.340198000000000178e+01 8.874891967773437500e+02 2.800000000000000000e+01
5.340198000000000178e+01 8.866120605468750000e+02 2.200000000000000000e+01
5.744501999999999953e+01 8.880998535156250000e+02 2.200000000000000000e+01
5.879202000000000083e+01 8.869309082031250000e+02 2.200000000000000000e+01
5.980199999999999960e+01 8.869899291992187500e+02 2.100000000000000000e+01
6.350880000000000081e+01 8.870228881835937500e+02 2.100000000000000000e+01
6.654000000000000625e+01 8.870864868164062500e+02 2.200000000000000000e+01
6.721380000000000621e+01 8.878533325195312500e+02 2.200000000000000000e+01
