5.203260000000000218e+02 6.773157348632812500e+02 2.800000000000000000e+01
5.206620000000000346e+02 6.792001953125000000e+02 2.300000000000000000e+01
5.213357999999999493e+02 6.782732543945312500e+02 4.200000000000000000e+01
5.216730000000000018e+02 6.783947143554687500e+02 2.300000000000000000e+01
5.226828000000000429e+02 6.772435302734375000e+02 2.800000000000000000e+01
5.230199999999999818e+02 6.772534179687500000e+02 2.200000000000000000e+01
5.247047999999999774e+02 6.790791625976562500e+02 2.400000000000000000e+01
5.267268000000000256e+02 6.783359985351562500e+02 2.200000000000000000e+01
5.274012000000000171e+02 6.783510742187500000e+02 2.300000000000000000e+01
5.277377999999999929e+02 6.792226562500000000e+02 3.000000000000000000e+01
5.284121999999999844e+02 6.791929321289062500e+02 2.100000000000000000e+01
5.290860000000000127e+02 6.782863159179687500e+02 2.600000000000000000e+01
5.297609999999999673e+02 6.781867065429687500e+02 3.000000000000000000e+01
5.297609999999999673e+02 6.772870483398437500e+02 2.300000000000000000e+01
5.304342000000000326e+02 6.772388305664062500e+02 2.300000000000000000e+01
5.311079999999999472e+02 6.777710571289062500e+02 3.000000000000000000e+01
5.311079999999999472e+02 6.782487792968750000e+02 2.700000000000000000e+01
5.314451999999999998e+02 6.782147827148437500e+02 2.800000000000000000e+01
5.324550000000000409e+02 6.787756958007812500e+02 2.300000000000000000e+01
5.334647999999999683e+02 6.783524169921875000e+02 2.500000000000000000e+01
5.351490000000000009e+02 6.782330322265625000e+02 3.900000000000000000e+01
5.354862000000000535e+02 6.774051513671875000e+02 2.800000000000000000e+01
5.361599999999999682e+02 6.792304077148437500e+02 3.800000000000000000e+01
5.368350000000000364e+02 6.782110595703125000e+02 3.000000000000000000e+01
5.368350000000000364e+02 6.773527221679687500e+02 2.700000000000000000e+01
5.375081999999999880e+02 6.777082519531250000e+02 2.300000000000000000e+01
5.375081999999999880e+02 6.772387084960937500e+02 2.100000000000000000e+01
5.381820000000000164e+02 6.788958129882812500e+02 3.200000000000000000e+01
5.385191999999999553e+02 6.783846435546875000e+02 2.500000000000000000e+01
5.388558000000000447e+02 6.778203735351562500e+02 2.600000000000000000e+01
5.388558000000000447e+02 6.775163574218750000e+02 2.100000000000000000e+01
5.405399999999999636e+02 6.772828369140625000e+02 3.100000000000000000e+01
5.405399999999999636e+02 6.782465209960937500e+02 2.200000000000000000e+01
5.415498000000000047e+02 6.778703002929687500e+02 2.100000000000000000e+01
5.415498000000000047e+02 6.782169189453125000e+02 2.100000000000000000e+01
5.422241999999999962e+02 6.791868896484375000e+02 3.400000000000000000e+01
5.422241999999999962e+02 6.777636108398437500e+02 3.000000000000000000e+01
5.425602000000000089e+02 6.792013549804687500e+02 2.200000000000000000e+01
5.432340000000000373e+02 6.783849487304687500e+02 2.700000000000000000e+01
5.432340000000000373e+02 6.772548217773437500e+02 2.200000000000000000e+01
5.432340000000000373e+02 6.782272338867187500e+02 2.100000000000000000e+01
5.442437999999999647e+02 6.779536132812500000e+02 2.600000000000000000e+01
5.445810000000000173e+02 6.782141723632812500e+02 2.100000000000000000e+01
5.449181999999999562e+02 6.780747070312500000e+02 2.300000000000000000e+01
5.459292000000000371e+02 6.772587890625000000e+02 3.300000000000000000e+01
5.462658000000000129e+02 6.792276000976562500e+02 2.600000000000000000e+01
5.466029999999999518e+02 6.772937622070312500e+02 3.600000000000000000e+01
5.469420000000000073e+02 6.781253662109375000e+02 3.900000000000000000e+01
5.469420000000000073e+02 6.772487792968750000e+02 2.200000000000000000e+01
5.472791999999999462e+02 6.791579589843750000e+02 2.800000000000000000e+01
5.472791999999999462e+02 6.772356567382812500e+02 2.500000000000000000e+01
5.479518000000000484e+02 6.782264404296875000e+02 3.000000000000000000e+01
5.482889999999999873e+02 6.772871093750000000e+02 2.200000000000000000e+01
5.489628000000000156e+02 6.781473999023437500e+02 2.100000000000000000e+01
5.496359999999999673e+02 6.783051757812500000e+02 2.300000000000000000e+01
