5.267268000000000256e+02 6.887988281250000000e+02 2.200000000000000000e+01
5.267268000000000256e+02 6.892391357421875000e+02 2.100000000000000000e+01
5.267268000000000256e+02 6.902870483398437500e+02 2.100000000000000000e+01
5.294238000000000284e+02 6.897590332031250000e+02 2.600000000000000000e+01
5.300969999999999800e+02 6.893051147460937500e+02 3.000000000000000000e+01
5.311079999999999472e+02 6.893067626953125000e+02 2.200000000000000000e+01
5.331281999999999925e+02 6.902160034179687500e+02 5.800000000000000000e+01
5.331281999999999925e+02 6.890753784179687500e+02 2.200000000000000000e+01
5.334647999999999683e+02 6.902043457031250000e+02 4.000000000000000000e+01
5.334647999999999683e+02 6.892635498046875000e+02 2.400000000000000000e+01
5.338020000000000209e+02 6.902465820312500000e+02 2.300000000000000000e+01
5.341391999999999598e+02 6.892578125000000000e+02 3.600000000000000000e+01
5.341391999999999598e+02 6.901290283203125000e+02 2.100000000000000000e+01
5.344758000000000493e+02 6.902431030273437500e+02 4.900000000000000000e+01
5.348129999999999882e+02 6.902390747070312500e+02 2.800000000000000000e+01
5.348129999999999882e+02 6.893576049804687500e+02 2.500000000000000000e+01
5.354862000000000535e+02 6.902370605468750000e+02 2.600000000000000000e+01
5.358228000000000293e+02 6.891392822265625000e+02 2.800000000000000000e+01
5.381820000000000164e+02 6.902073364257812500e+02 2.400000000000000000e+01
5.398662000000000489e+02 6.900524902343750000e+02 2.100000000000000000e+01
5.402028000000000247e+02 6.901658325195312500e+02 2.500000000000000000e+01
5.412132000000000289e+02 6.892662353515625000e+02 3.200000000000000000e+01
5.415498000000000047e+02 6.893348999023437500e+02 3.900000000000000000e+01
5.415498000000000047e+02 6.891591186523437500e+02 2.300000000000000000e+01
5.418869999999999436e+02 6.889067382812500000e+02 3.500000000000000000e+01
5.428967999999999847e+02 6.902707519531250000e+02 3.000000000000000000e+01
5.439077999999999520e+02 6.900306396484375000e+02 2.500000000000000000e+01
5.442437999999999647e+02 6.892860717773437500e+02 4.800000000000000000e+01
5.445810000000000173e+02 6.901166381835937500e+02 2.300000000000000000e+01
5.452548000000000457e+02 6.900517578125000000e+02 3.300000000000000000e+01
5.455919999999999845e+02 6.892623901367187500e+02 2.300000000000000000e+01
5.466029999999999518e+02 6.902652587890625000e+02 2.900000000000000000e+01
5.466029999999999518e+02 6.891675415039062500e+02 2.600000000000000000e+01
5.472791999999999462e+02 6.902736816406250000e+02 5.000000000000000000e+01
5.472791999999999462e+02 6.892445678710937500e+02 2.300000000000000000e+01
5.476151999999999589e+02 6.902760009765625000e+02 2.700000000000000000e+01
5.482889999999999873e+02 6.902485351562500000e+02 5.400000000000000000e+01
5.486262000000000398e+02 6.902597045898437500e+02 2.300000000000000000e+01
5.492988000000000284e+02 6.902658081054687500e+02 2.100000000000000000e+01
5.496359999999999673e+02 6.902727661132812500e+02 4.700000000000000000e+01
5.503097999999999956e+02 6.902660522460937500e+02 2.900000000000000000e+01
5.506470000000000482e+02 6.902420043945312500e+02 2.400000000000000000e+01
5.509829999999999472e+02 6.902716064453125000e+02 2.700000000000000000e+01
5.509829999999999472e+02 6.888074951171875000e+02 2.300000000000000000e+01
5.513201999999999998e+02 6.902706298828125000e+02 3.000000000000000000e+01
5.516567999999999756e+02 6.892782592773437500e+02 2.500000000000000000e+01
5.516567999999999756e+02 6.902289428710937500e+02 2.200000000000000000e+01
5.519940000000000282e+02 6.902652587890625000e+02 2.100000000000000000e+01
5.540148000000000366e+02 6.890606689453125000e+02 2.600000000000000000e+01
5.540148000000000366e+02 6.884525146484375000e+02 2.300000000000000000e+01
5.543508000000000493e+02 6.902615356445312500e+02 2.300000000000000000e+01
5.550252000000000407e+02 6.892861938476562500e+02 3.300000000000000000e+01
5.550252000000000407e+02 6.902635498046875000e+02 2.400000000000000000e+01
5.553618000000000166e+02 6.902694702148437500e+02 2.800000000000000000e+01
5.553618000000000166e+02 6.892529907226562500e+02 2.500000000000000000e+01
5.556989999999999554e+02 6.892080078125000000e+02 2.900000000000000000e+01
5.556989999999999554e+02 6.902736206054687500e+02 2.500000000000000000e+01
5.560349999999999682e+02 6.892760620117187500e+02 3.900000000000000000e+01
