5.533410000000000082e+02 1.966043243408203125e+02 2.900000000000000000e+01
5.533410000000000082e+02 1.970244445800781250e+02 2.300000000000000000e+01
5.536781999999999471e+02 1.971272277832031250e+02 3.400000000000000000e+01
5.536781999999999471e+02 1.980138549804687500e+02 2.200000000000000000e+01
5.540148000000000366e+02 1.971343841552734375e+02 2.900000000000000000e+01
5.540148000000000366e+02 1.970007324218750000e+02 2.300000000000000000e+01
5.543508000000000493e+02 1.971348114013671875e+02 5.100000000000000000e+01
5.546879999999999882e+02 1.971285247802734375e+02 4.600000000000000000e+01
5.550252000000000407e+02 1.970800781250000000e+02 2.100000000000000000e+01
5.553618000000000166e+02 1.971205902099609375e+02 2.900000000000000000e+01
5.553618000000000166e+02 1.963985900878906250e+02 2.100000000000000000e+01
5.556989999999999554e+02 1.970719757080078125e+02 5.200000000000000000e+01
5.556989999999999554e+02 1.977307128906250000e+02 2.100000000000000000e+01
5.556989999999999554e+02 1.966079864501953125e+02 2.100000000000000000e+01
5.560349999999999682e+02 1.961238403320312500e+02 3.500000000000000000e+01
5.560349999999999682e+02 1.971336975097656250e+02 3.400000000000000000e+01
5.563722000000000207e+02 1.971198730468750000e+02 3.900000000000000000e+01
5.567087999999999965e+02 1.974101104736328125e+02 4.500000000000000000e+01
5.567087999999999965e+02 1.971010589599609375e+02 4.300000000000000000e+01
5.567087999999999965e+02 1.961173248291015625e+02 2.600000000000000000e+01
5.570478000000000520e+02 1.961356658935546875e+02 4.200000000000000000e+01
5.570478000000000520e+02 1.971338653564453125e+02 3.900000000000000000e+01
5.573837999999999511e+02 1.961313171386718750e+02 6.500000000000000000e+01
5.573837999999999511e+02 1.971292572021484375e+02 3.600000000000000000e+01
5.577210000000000036e+02 1.971343841552734375e+02 3.100000000000000000e+01
5.580582000000000562e+02 1.971387634277343750e+02 3.200000000000000000e+01
5.580582000000000562e+02 1.978035278320312500e+02 2.200000000000000000e+01
5.590679999999999836e+02 1.961330871582031250e+02 3.200000000000000000e+01
5.590679999999999836e+02 1.971222839355468750e+02 2.300000000000000000e+01
5.594052000000000362e+02 1.970734100341796875e+02 4.300000000000000000e+01
5.594052000000000362e+02 1.967321929931640625e+02 2.900000000000000000e+01
5.597418000000000120e+02 1.971241149902343750e+02 2.200000000000000000e+01
5.600789999999999509e+02 1.961014862060546875e+02 2.300000000000000000e+01
5.600789999999999509e+02 1.970620422363281250e+02 2.200000000000000000e+01
5.607522000000000162e+02 1.961265411376953125e+02 4.900000000000000000e+01
5.607522000000000162e+02 1.971249237060546875e+02 2.400000000000000000e+01
5.607522000000000162e+02 1.969943542480468750e+02 2.100000000000000000e+01
5.610887999999999920e+02 1.961338653564453125e+02 5.600000000000000000e+01
5.614260000000000446e+02 1.971253509521484375e+02 3.100000000000000000e+01
5.614260000000000446e+02 1.970323791503906250e+02 2.300000000000000000e+01
5.614260000000000446e+02 1.965960083007812500e+02 2.200000000000000000e+01
5.614260000000000446e+02 1.967357330322265625e+02 2.100000000000000000e+01
5.617631999999999834e+02 1.971248321533203125e+02 3.300000000000000000e+01
5.620997999999999593e+02 1.971375274658203125e+02 2.400000000000000000e+01
5.620997999999999593e+02 1.975987091064453125e+02 2.100000000000000000e+01
5.627741999999999507e+02 1.974290161132812500e+02 2.400000000000000000e+01
5.627741999999999507e+02 1.960897674560546875e+02 2.300000000000000000e+01
5.631108000000000402e+02 1.971041870117187500e+02 2.200000000000000000e+01
5.637852000000000317e+02 1.961398315429687500e+02 3.000000000000000000e+01
5.641212000000000444e+02 1.961527557373046875e+02 2.400000000000000000e+01
5.641212000000000444e+02 1.969134368896484375e+02 2.200000000000000000e+01
5.644578000000000202e+02 1.980079345703125000e+02 3.100000000000000000e+01
5.644578000000000202e+02 1.960817413330078125e+02 2.400000000000000000e+01
5.647949999999999591e+02 1.961363525390625000e+02 3.100000000000000000e+01
5.647949999999999591e+02 1.966005706787109375e+02 2.100000000000000000e+01
5.651322000000000116e+02 1.970230102539062500e+02 3.700000000000000000e+01
5.654687999999999874e+02 1.969805908203125000e+02 2.400000000000000000e+01
5.658048000000000002e+02 1.971446228027343750e+02 2.900000000000000000e+01
5.661420000000000528e+02 1.969167175292968750e+02 2.200000000000000000e+01
5.661420000000000528e+02 1.971250610351562500e+02 2.100000000000000000e+01
5.668157999999999674e+02 1.961220092773437500e+02 2.700000000000000000e+01
5.668157999999999674e+02 1.970987243652343750e+02 2.200000000000000000e+01
5.681652000000000271e+02 1.961268005371093750e+02 3.000000000000000000e+01
5.681652000000000271e+02 1.970748596191406250e+02 2.800000000000000000e+01
5.688378000000000156e+02 1.960838928222656250e+02 2.500000000000000000e+01
5.701847999999999956e+02 1.960841217041015625e+02 2.300000000000000000e+01
5.701847999999999956e+02 1.970027618408203125e+02 2.300000000000000000e+01
5.711957999999999629e+02 1.970599822998046875e+02 2.100000000000000000e+01
5.718690000000000282e+02 1.980342864990234375e+02 2.100000000000000000e+01
5.732160000000000082e+02 1.971425476074218750e+02 3.200000000000000000e+01
5.732160000000000082e+02 1.980648040771484375e+02 2.200000000000000000e+01
5.735531999999999471e+02 1.960858306884765625e+02 2.400000000000000000e+01
5.735531999999999471e+02 1.980488128662109375e+02 2.200000000000000000e+01
5.738898000000000366e+02 1.971191558837890625e+02 2.400000000000000000e+01
5.745642000000000280e+02 1.975542144775390625e+02 3.200000000000000000e+01
5.745642000000000280e+02 1.961426696777343750e+02 2.600000000000000000e+01
5.749002000000000407e+02 1.960847930908203125e+02 3.500000000000000000e+01
5.759112000000000080e+02 1.971103363037109375e+02 5.500000000000000000e+01
5.762477999999999838e+02 1.971404724121093750e+02 3.200000000000000000e+01
5.772599999999999909e+02 1.971349334716796875e+02 4.600000000000000000e+01
5.772599999999999909e+02 1.969190368652343750e+02 2.100000000000000000e+01
5.775960000000000036e+02 1.970631561279296875e+02 2.400000000000000000e+01
5.779332000000000562e+02 1.970920562744140625e+02 2.100000000000000000e+01
5.782698000000000320e+02 1.971327514648437500e+02 2.100000000000000000e+01
5.789442000000000235e+02 1.960977478027343750e+02 4.000000000000000000e+01
5.792807999999999993e+02 1.971819152832031250e+02 2.500000000000000000e+01
5.792807999999999993e+02 1.970839080810546875e+02 2.100000000000000000e+01
5.799551999999999907e+02 1.974618377685546875e+02 2.100000000000000000e+01
5.802917999999999665e+02 1.977396697998046875e+02 2.100000000000000000e+01
5.806290000000000191e+02 1.971337890625000000e+02 2.300000000000000000e+01
5.809661999999999580e+02 1.971371765136718750e+02 2.600000000000000000e+01
5.813028000000000475e+02 1.971419372558593750e+02 3.900000000000000000e+01
5.819759999999999991e+02 1.970686798095703125e+02 2.600000000000000000e+01
5.819759999999999991e+02 1.974422760009765625e+02 2.100000000000000000e+01
5.826498000000000275e+02 1.971254119873046875e+02 3.000000000000000000e+01
5.826498000000000275e+02 1.965114288330078125e+02 2.300000000000000000e+01
