5.809661999999999580e+02 1.310009918212890625e+02 2.200000000000000000e+01
5.836602000000000317e+02 1.315557708740234375e+02 2.700000000000000000e+01
5.836602000000000317e+02 1.303317871093750000e+02 2.400000000000000000e+01
5.846711999999999989e+02 1.307350921630859375e+02 2.100000000000000000e+01
5.870280000000000200e+02 1.310816040039062500e+02 2.800000000000000000e+01
5.877042000000000144e+02 1.310024719238281250e+02 2.600000000000000000e+01
5.877042000000000144e+02 1.320222167968750000e+02 2.200000000000000000e+01
5.880402000000000271e+02 1.310855865478515625e+02 2.300000000000000000e+01
5.880402000000000271e+02 1.310077209472656250e+02 2.200000000000000000e+01
5.917451999999999543e+02 1.309901580810546875e+02 2.400000000000000000e+01
5.924189999999999827e+02 1.310855865478515625e+02 4.300000000000000000e+01
5.927562000000000353e+02 1.310398712158203125e+02 2.700000000000000000e+01
5.930928000000000111e+02 1.319290313720703125e+02 2.100000000000000000e+01
5.934288000000000238e+02 1.310765991210937500e+02 2.600000000000000000e+01
5.937659999999999627e+02 1.301573181152343750e+02 2.100000000000000000e+01
5.947770000000000437e+02 1.320421295166015625e+02 2.100000000000000000e+01
5.957867999999999711e+02 1.310848541259765625e+02 3.000000000000000000e+01
5.967978000000000520e+02 1.310294494628906250e+02 2.800000000000000000e+01
6.005040000000000191e+02 1.310395812988281250e+02 2.200000000000000000e+01
6.038759999999999764e+02 1.310077514648437500e+02 2.600000000000000000e+01
6.045480000000000018e+02 1.310798187255859375e+02 4.300000000000000000e+01
6.045480000000000018e+02 1.300890197753906250e+02 3.300000000000000000e+01
6.052200000000000273e+02 1.310726623535156250e+02 2.500000000000000000e+01
6.055560000000000400e+02 1.310817718505859375e+02 3.300000000000000000e+01
6.082559999999999718e+02 1.319503021240234375e+02 2.700000000000000000e+01
