5.860181999999999789e+02 1.770795135498046875e+02 2.500000000000000000e+01
5.863547999999999547e+02 1.770925598144531250e+02 2.300000000000000000e+01
5.866920000000000073e+02 1.760539398193359375e+02 2.200000000000000000e+01
5.870280000000000200e+02 1.771184997558593750e+02 2.300000000000000000e+01
5.887140000000000555e+02 1.760851593017578125e+02 2.100000000000000000e+01
5.890511999999999944e+02 1.761054077148437500e+02 2.700000000000000000e+01
5.893877999999999702e+02 1.771243133544921875e+02 3.300000000000000000e+01
5.914092000000000553e+02 1.769775543212890625e+02 3.400000000000000000e+01
5.930928000000000111e+02 1.771560974121093750e+02 2.500000000000000000e+01
5.941032000000000153e+02 1.771555938720703125e+02 2.400000000000000000e+01
5.944397999999999911e+02 1.760773773193359375e+02 2.400000000000000000e+01
5.944397999999999911e+02 1.770600280761718750e+02 2.300000000000000000e+01
5.947770000000000437e+02 1.769693298339843750e+02 2.600000000000000000e+01
5.957867999999999711e+02 1.775857849121093750e+02 2.500000000000000000e+01
5.957867999999999711e+02 1.771154785156250000e+02 2.100000000000000000e+01
5.978099999999999454e+02 1.769942626953125000e+02 3.100000000000000000e+01
5.991570000000000391e+02 1.760730590820312500e+02 2.600000000000000000e+01
5.991570000000000391e+02 1.779647827148437500e+02 2.100000000000000000e+01
6.008400000000000318e+02 1.770323944091796875e+02 2.100000000000000000e+01
6.021900000000000546e+02 1.761120452880859375e+02 3.700000000000000000e+01
6.025259999999999536e+02 1.761095733642578125e+02 2.300000000000000000e+01
6.048840000000000146e+02 1.771033172607421875e+02 4.700000000000000000e+01
6.065700000000000500e+02 1.760443572998046875e+02 2.100000000000000000e+01
6.069059999999999491e+02 1.770296325683593750e+02 3.000000000000000000e+01
6.079139999999999873e+02 1.770831756591796875e+02 3.900000000000000000e+01
6.082559999999999718e+02 1.770907440185546875e+02 4.000000000000000000e+01
6.092640000000000100e+02 1.771043548583984375e+02 2.400000000000000000e+01
6.099360000000000355e+02 1.769832916259765625e+02 3.100000000000000000e+01
6.099360000000000355e+02 1.760930786132812500e+02 3.000000000000000000e+01
6.106079999999999472e+02 1.770927124023437500e+02 2.200000000000000000e+01
6.109439999999999600e+02 1.761103820800781250e+02 3.100000000000000000e+01
6.109439999999999600e+02 1.771002655029296875e+02 2.200000000000000000e+01
6.116219999999999573e+02 1.771161804199218750e+02 2.500000000000000000e+01
6.126299999999999955e+02 1.779889068603515625e+02 2.400000000000000000e+01
6.143160000000000309e+02 1.771262664794921875e+02 4.000000000000000000e+01
