5.941032000000000153e+02 6.387672119140625000e+02 2.600000000000000000e+01
5.947770000000000437e+02 6.392919311523437500e+02 3.300000000000000000e+01
5.947770000000000437e+02 6.389678344726562500e+02 2.100000000000000000e+01
5.954501999999999953e+02 6.392640380859375000e+02 3.700000000000000000e+01
5.957867999999999711e+02 6.386892089843750000e+02 2.100000000000000000e+01
5.961240000000000236e+02 6.392606811523437500e+02 2.300000000000000000e+01
5.961240000000000236e+02 6.382122802734375000e+02 2.300000000000000000e+01
5.964611999999999625e+02 6.396926879882812500e+02 2.900000000000000000e+01
5.967978000000000520e+02 6.392745361328125000e+02 2.600000000000000000e+01
5.971349999999999909e+02 6.395557250976562500e+02 2.200000000000000000e+01
5.981471999999999980e+02 6.394213867187500000e+02 2.100000000000000000e+01
5.984837999999999738e+02 6.391574707031250000e+02 2.800000000000000000e+01
5.991570000000000391e+02 6.392878417968750000e+02 4.300000000000000000e+01
6.021900000000000546e+02 6.382363891601562500e+02 2.400000000000000000e+01
6.028619999999999663e+02 6.393515014648437500e+02 2.500000000000000000e+01
6.031979999999999791e+02 6.392832641601562500e+02 3.300000000000000000e+01
6.038759999999999764e+02 6.392625732421875000e+02 2.600000000000000000e+01
6.038759999999999764e+02 6.382442016601562500e+02 2.300000000000000000e+01
6.045480000000000018e+02 6.385183715820312500e+02 2.300000000000000000e+01
6.055560000000000400e+02 6.383289184570312500e+02 2.200000000000000000e+01
6.058920000000000528e+02 6.393161010742187500e+02 2.100000000000000000e+01
6.069059999999999491e+02 6.382671508789062500e+02 2.600000000000000000e+01
6.072419999999999618e+02 6.394111938476562500e+02 2.200000000000000000e+01
6.079139999999999873e+02 6.382532348632812500e+02 4.200000000000000000e+01
6.085919999999999845e+02 6.387294311523437500e+02 4.300000000000000000e+01
6.092640000000000100e+02 6.379739990234375000e+02 2.600000000000000000e+01
6.109439999999999600e+02 6.388059692382812500e+02 2.400000000000000000e+01
6.122939999999999827e+02 6.382669067382812500e+02 3.000000000000000000e+01
6.136440000000000055e+02 6.385548095703125000e+02 2.600000000000000000e+01
6.136440000000000055e+02 6.393482055664062500e+02 2.300000000000000000e+01
6.139800000000000182e+02 6.382918090820312500e+02 2.600000000000000000e+01
6.143160000000000309e+02 6.392752685546875000e+02 4.000000000000000000e+01
6.146520000000000437e+02 6.379503173828125000e+02 2.600000000000000000e+01
6.153239999999999554e+02 6.392725830078125000e+02 2.200000000000000000e+01
6.160019999999999527e+02 6.392489013671875000e+02 2.400000000000000000e+01
6.163379999999999654e+02 6.383350219726562500e+02 3.500000000000000000e+01
6.166739999999999782e+02 6.390636596679687500e+02 3.400000000000000000e+01
6.166739999999999782e+02 6.392600097656250000e+02 2.200000000000000000e+01
6.170099999999999909e+02 6.392758789062500000e+02 2.900000000000000000e+01
6.186960000000000264e+02 6.383719482421875000e+02 2.300000000000000000e+01
6.190320000000000391e+02 6.392575073242187500e+02 2.400000000000000000e+01
6.190320000000000391e+02 6.386041870117187500e+02 2.100000000000000000e+01
6.193680000000000518e+02 6.382739868164062500e+02 2.700000000000000000e+01
6.197039999999999509e+02 6.392726440429687500e+02 2.300000000000000000e+01
6.200460000000000491e+02 6.382493896484375000e+02 2.500000000000000000e+01
6.213899999999999864e+02 6.394833984375000000e+02 2.400000000000000000e+01
6.220620000000000118e+02 6.392543334960937500e+02 2.100000000000000000e+01
6.224039999999999964e+02 6.392508544921875000e+02 2.500000000000000000e+01
6.224039999999999964e+02 6.383619384765625000e+02 2.200000000000000000e+01
6.230760000000000218e+02 6.392932128906250000e+02 2.400000000000000000e+01
