6.018540000000000418e+02 1.896616973876953125e+02 2.400000000000000000e+01
6.035339999999999918e+02 1.891050872802734375e+02 3.300000000000000000e+01
6.045480000000000018e+02 1.891319580078125000e+02 2.900000000000000000e+01
6.065700000000000500e+02 1.890515899658203125e+02 3.500000000000000000e+01
6.065700000000000500e+02 1.891242523193359375e+02 2.600000000000000000e+01
6.069059999999999491e+02 1.890310821533203125e+02 3.100000000000000000e+01
6.069059999999999491e+02 1.895449218750000000e+02 2.500000000000000000e+01
6.072419999999999618e+02 1.889164581298828125e+02 2.600000000000000000e+01
6.072419999999999618e+02 1.890324096679687500e+02 2.600000000000000000e+01
6.075779999999999745e+02 1.900959320068359375e+02 2.300000000000000000e+01
6.082559999999999718e+02 1.890946502685546875e+02 2.800000000000000000e+01
6.085919999999999845e+02 1.889650726318359375e+02 2.500000000000000000e+01
6.089279999999999973e+02 1.901215515136718750e+02 2.700000000000000000e+01
6.092640000000000100e+02 1.891259460449218750e+02 2.700000000000000000e+01
6.119579999999999700e+02 1.900847625732421875e+02 3.400000000000000000e+01
6.129660000000000082e+02 1.890966796875000000e+02 2.300000000000000000e+01
6.133079999999999927e+02 1.891228027343750000e+02 3.400000000000000000e+01
6.133079999999999927e+02 1.900851745605468750e+02 2.400000000000000000e+01
6.139800000000000182e+02 1.890925292968750000e+02 2.800000000000000000e+01
6.139800000000000182e+02 1.900281982421875000e+02 2.300000000000000000e+01
6.149880000000000564e+02 1.891137084960937500e+02 2.200000000000000000e+01
6.156660000000000537e+02 1.900490722656250000e+02 2.500000000000000000e+01
6.163379999999999654e+02 1.891123352050781250e+02 2.300000000000000000e+01
6.166739999999999782e+02 1.895819549560546875e+02 2.300000000000000000e+01
6.170099999999999909e+02 1.890590057373046875e+02 2.600000000000000000e+01
6.183600000000000136e+02 1.895276031494140625e+02 2.200000000000000000e+01
6.190320000000000391e+02 1.889827880859375000e+02 2.100000000000000000e+01
6.200460000000000491e+02 1.901385650634765625e+02 2.700000000000000000e+01
6.200460000000000491e+02 1.889635009765625000e+02 2.200000000000000000e+01
6.213899999999999864e+02 1.891231536865234375e+02 2.800000000000000000e+01
6.217259999999999991e+02 1.890221862792968750e+02 2.200000000000000000e+01
6.227400000000000091e+02 1.891238861083984375e+02 2.200000000000000000e+01
6.240839999999999463e+02 1.904291992187500000e+02 3.000000000000000000e+01
6.244199999999999591e+02 1.900946807861328125e+02 3.000000000000000000e+01
6.247559999999999718e+02 1.901070556640625000e+02 2.300000000000000000e+01
6.247559999999999718e+02 1.900254211425781250e+02 2.200000000000000000e+01
6.257699999999999818e+02 1.891006469726562500e+02 2.200000000000000000e+01
6.264420000000000073e+02 1.891250762939453125e+02 2.100000000000000000e+01
6.274500000000000455e+02 1.901252136230468750e+02 2.700000000000000000e+01
6.274500000000000455e+02 1.890246124267578125e+02 2.400000000000000000e+01
6.281280000000000427e+02 1.900900573730468750e+02 4.500000000000000000e+01
6.287999999999999545e+02 1.900868225097656250e+02 3.400000000000000000e+01
6.294779999999999518e+02 1.900550994873046875e+02 4.100000000000000000e+01
6.294779999999999518e+02 1.891298828125000000e+02 2.200000000000000000e+01
6.298139999999999645e+02 1.891782226562500000e+02 3.200000000000000000e+01
6.298139999999999645e+02 1.900017242431640625e+02 2.100000000000000000e+01
6.301499999999999773e+02 1.901246490478515625e+02 2.700000000000000000e+01
6.308220000000000027e+02 1.891381683349609375e+02 2.500000000000000000e+01
6.308220000000000027e+02 1.901037902832031250e+02 2.400000000000000000e+01
