6.163379999999999654e+02 6.015736083984375000e+02 2.200000000000000000e+01
6.170099999999999909e+02 6.002458496093750000e+02 2.700000000000000000e+01
6.170099999999999909e+02 6.012620239257812500e+02 2.600000000000000000e+01
6.176879999999999882e+02 6.002448120117187500e+02 2.700000000000000000e+01
6.176879999999999882e+02 6.012193603515625000e+02 2.400000000000000000e+01
6.186960000000000264e+02 6.013345336914062500e+02 2.800000000000000000e+01
6.186960000000000264e+02 6.010013427734375000e+02 2.400000000000000000e+01
6.197039999999999509e+02 6.018291625976562500e+02 2.200000000000000000e+01
6.230760000000000218e+02 6.018998413085937500e+02 2.100000000000000000e+01
6.250979999999999563e+02 6.014549560546875000e+02 2.200000000000000000e+01
6.254339999999999691e+02 6.012761840820312500e+02 2.500000000000000000e+01
6.274500000000000455e+02 6.018150634765625000e+02 2.500000000000000000e+01
6.294779999999999518e+02 6.011370239257812500e+02 2.600000000000000000e+01
6.308220000000000027e+02 6.011552734375000000e+02 2.100000000000000000e+01
6.311639999999999873e+02 6.012542114257812500e+02 2.900000000000000000e+01
6.315000000000000000e+02 6.016193237304687500e+02 3.100000000000000000e+01
6.318360000000000127e+02 6.002307128906250000e+02 2.300000000000000000e+01
6.325080000000000382e+02 6.016738891601562500e+02 3.900000000000000000e+01
6.345299999999999727e+02 6.001788330078125000e+02 3.100000000000000000e+01
6.348659999999999854e+02 6.002516479492187500e+02 4.000000000000000000e+01
6.348659999999999854e+02 6.014874267578125000e+02 2.900000000000000000e+01
6.352019999999999982e+02 6.011007690429687500e+02 3.600000000000000000e+01
6.355380000000000109e+02 6.021387939453125000e+02 2.300000000000000000e+01
6.358740000000000236e+02 6.005375366210937500e+02 3.000000000000000000e+01
6.362100000000000364e+02 6.010758666992187500e+02 3.200000000000000000e+01
6.362100000000000364e+02 6.012524414062500000e+02 2.800000000000000000e+01
6.362100000000000364e+02 6.002951660156250000e+02 2.600000000000000000e+01
6.362100000000000364e+02 6.016040649414062500e+02 2.200000000000000000e+01
6.365520000000000209e+02 6.011677856445312500e+02 4.200000000000000000e+01
6.368880000000000337e+02 6.010520629882812500e+02 2.600000000000000000e+01
6.372240000000000464e+02 6.012109375000000000e+02 4.100000000000000000e+01
6.372240000000000464e+02 6.011043701171875000e+02 3.400000000000000000e+01
6.372240000000000464e+02 6.017042236328125000e+02 2.400000000000000000e+01
6.379020000000000437e+02 6.006857910156250000e+02 4.100000000000000000e+01
6.379020000000000437e+02 6.012623291015625000e+02 2.500000000000000000e+01
6.385739999999999554e+02 6.012637329101562500e+02 3.500000000000000000e+01
6.385739999999999554e+02 6.021490478515625000e+02 2.900000000000000000e+01
6.389099999999999682e+02 6.002298583984375000e+02 2.200000000000000000e+01
6.392459999999999809e+02 6.012529296875000000e+02 2.100000000000000000e+01
6.395819999999999936e+02 6.020564575195312500e+02 2.400000000000000000e+01
6.399180000000000064e+02 6.011378173828125000e+02 2.800000000000000000e+01
6.416040000000000418e+02 6.014035644531250000e+02 3.600000000000000000e+01
6.422759999999999536e+02 6.013768920898437500e+02 2.900000000000000000e+01
6.426119999999999663e+02 6.002355957031250000e+02 2.100000000000000000e+01
6.442980000000000018e+02 6.012052001953125000e+02 2.300000000000000000e+01
6.449700000000000273e+02 6.017536010742187500e+02 2.300000000000000000e+01
6.453060000000000400e+02 6.011507568359375000e+02 2.200000000000000000e+01
6.453060000000000400e+02 6.020838623046875000e+02 2.200000000000000000e+01
