6.311639999999999873e+02 7.593045654296875000e+02 2.700000000000000000e+01
6.345299999999999727e+02 7.580610351562500000e+02 3.200000000000000000e+01
6.345299999999999727e+02 7.592185058593750000e+02 2.600000000000000000e+01
6.345299999999999727e+02 7.590668945312500000e+02 2.400000000000000000e+01
6.348659999999999854e+02 7.583110961914062500e+02 3.800000000000000000e+01
6.352019999999999982e+02 7.583220825195312500e+02 3.900000000000000000e+01
6.355380000000000109e+02 7.583132934570312500e+02 7.100000000000000000e+01
6.355380000000000109e+02 7.593569946289062500e+02 3.300000000000000000e+01
6.355380000000000109e+02 7.589496459960937500e+02 2.800000000000000000e+01
6.358740000000000236e+02 7.583236694335937500e+02 8.700000000000000000e+01
6.358740000000000236e+02 7.591964721679687500e+02 4.200000000000000000e+01
6.362100000000000364e+02 7.582919921875000000e+02 3.400000000000000000e+01
6.362100000000000364e+02 7.593587646484375000e+02 3.000000000000000000e+01
6.362100000000000364e+02 7.586687622070312500e+02 2.600000000000000000e+01
6.362100000000000364e+02 7.577451171875000000e+02 2.400000000000000000e+01
6.365520000000000209e+02 7.583235473632812500e+02 7.400000000000000000e+01
6.365520000000000209e+02 7.580477905273437500e+02 3.000000000000000000e+01
6.365520000000000209e+02 7.585717773437500000e+02 2.100000000000000000e+01
6.368880000000000337e+02 7.583258666992187500e+02 5.900000000000000000e+01
6.368880000000000337e+02 7.593468627929687500e+02 2.800000000000000000e+01
6.368880000000000337e+02 7.590165405273437500e+02 2.400000000000000000e+01
6.368880000000000337e+02 7.580838012695312500e+02 2.400000000000000000e+01
6.372240000000000464e+02 7.592941894531250000e+02 4.300000000000000000e+01
6.372240000000000464e+02 7.582391967773437500e+02 2.700000000000000000e+01
6.375599999999999454e+02 7.593265991210937500e+02 5.100000000000000000e+01
6.375599999999999454e+02 7.583236694335937500e+02 3.900000000000000000e+01
6.379020000000000437e+02 7.583235473632812500e+02 7.600000000000000000e+01
6.379020000000000437e+02 7.580767211914062500e+02 3.600000000000000000e+01
6.379020000000000437e+02 7.592678833007812500e+02 3.200000000000000000e+01
6.382380000000000564e+02 7.582930908203125000e+02 3.200000000000000000e+01
6.382380000000000564e+02 7.593131713867187500e+02 3.000000000000000000e+01
6.385739999999999554e+02 7.593273925781250000e+02 3.200000000000000000e+01
6.385739999999999554e+02 7.582988281250000000e+02 3.000000000000000000e+01
6.392459999999999809e+02 7.592784423828125000e+02 3.000000000000000000e+01
6.399180000000000064e+02 7.583436889648437500e+02 2.400000000000000000e+01
6.405900000000000318e+02 7.574625854492187500e+02 2.200000000000000000e+01
6.416040000000000418e+02 7.582767944335937500e+02 2.100000000000000000e+01
6.432899999999999636e+02 7.583679809570312500e+02 2.200000000000000000e+01
6.436259999999999764e+02 7.584496459960937500e+02 2.200000000000000000e+01
6.476699999999999591e+02 7.592958374023437500e+02 2.900000000000000000e+01
6.476699999999999591e+02 7.582797851562500000e+02 2.400000000000000000e+01
6.503640000000000327e+02 7.582804565429687500e+02 2.100000000000000000e+01
6.507000000000000455e+02 7.587801513671875000e+02 2.100000000000000000e+01
6.517079999999999700e+02 7.590363769531250000e+02 2.100000000000000000e+01
6.530579999999999927e+02 7.586589355468750000e+02 2.400000000000000000e+01
6.533940000000000055e+02 7.580696411132812500e+02 2.100000000000000000e+01
6.540660000000000309e+02 7.592529907226562500e+02 2.100000000000000000e+01
6.560879999999999654e+02 7.587335815429687500e+02 2.800000000000000000e+01
6.567599999999999909e+02 7.586124267578125000e+02 2.300000000000000000e+01
6.581100000000000136e+02 7.582580566406250000e+02 2.900000000000000000e+01
