6.379020000000000437e+02 8.442699584960937500e+02 7.400000000000000000e+01
6.379020000000000437e+02 8.452747192382812500e+02 7.000000000000000000e+01
6.382380000000000564e+02 8.452910156250000000e+02 3.800000000000000000e+01
6.382380000000000564e+02 8.443046875000000000e+02 3.500000000000000000e+01
6.385739999999999554e+02 8.442711181640625000e+02 5.900000000000000000e+01
6.389099999999999682e+02 8.442719726562500000e+02 5.300000000000000000e+01
6.392459999999999809e+02 8.442921752929687500e+02 2.900000000000000000e+01
6.392459999999999809e+02 8.452901611328125000e+02 2.800000000000000000e+01
6.392459999999999809e+02 8.437092895507812500e+02 2.200000000000000000e+01
6.395819999999999936e+02 8.442973632812500000e+02 2.100000000000000000e+01
6.402540000000000191e+02 8.437229614257812500e+02 2.200000000000000000e+01
6.476699999999999591e+02 8.443113403320312500e+02 2.300000000000000000e+01
6.480059999999999718e+02 8.451001586914062500e+02 2.500000000000000000e+01
6.517079999999999700e+02 8.443303833007812500e+02 5.500000000000000000e+01
6.520499999999999545e+02 8.443477172851562500e+02 2.700000000000000000e+01
6.527219999999999800e+02 8.443374633789062500e+02 4.100000000000000000e+01
6.571019999999999754e+02 8.452877197265625000e+02 2.500000000000000000e+01
6.591240000000000236e+02 8.433890380859375000e+02 2.100000000000000000e+01
6.618179999999999836e+02 8.452329711914062500e+02 2.300000000000000000e+01
