6.385739999999999554e+02 7.642960205078125000e+02 5.600000000000000000e+01
6.389099999999999682e+02 7.633154907226562500e+02 2.700000000000000000e+01
6.399180000000000064e+02 7.643115234375000000e+02 2.300000000000000000e+01
6.405900000000000318e+02 7.633278198242187500e+02 2.800000000000000000e+01
6.419400000000000546e+02 7.638198242187500000e+02 3.300000000000000000e+01
6.422759999999999536e+02 7.643194580078125000e+02 2.300000000000000000e+01
6.432899999999999636e+02 7.642739257812500000e+02 2.400000000000000000e+01
6.432899999999999636e+02 7.649934692382812500e+02 2.100000000000000000e+01
6.449700000000000273e+02 7.643082275390625000e+02 2.900000000000000000e+01
6.453060000000000400e+02 7.642829589843750000e+02 2.900000000000000000e+01
6.453060000000000400e+02 7.634044189453125000e+02 2.100000000000000000e+01
6.459779999999999518e+02 7.633134155273437500e+02 2.500000000000000000e+01
6.463200000000000500e+02 7.643120727539062500e+02 3.400000000000000000e+01
6.463200000000000500e+02 7.632722778320312500e+02 2.400000000000000000e+01
6.473279999999999745e+02 7.633013305664062500e+02 3.600000000000000000e+01
6.473279999999999745e+02 7.642767944335937500e+02 2.200000000000000000e+01
6.476699999999999591e+02 7.633663940429687500e+02 2.900000000000000000e+01
6.476699999999999591e+02 7.643428344726562500e+02 2.700000000000000000e+01
6.476699999999999591e+02 7.647851562500000000e+02 2.300000000000000000e+01
6.480059999999999718e+02 7.643027343750000000e+02 2.800000000000000000e+01
6.486779999999999973e+02 7.643189086914062500e+02 3.600000000000000000e+01
6.486779999999999973e+02 7.632917480468750000e+02 2.400000000000000000e+01
6.490140000000000100e+02 7.633224487304687500e+02 3.200000000000000000e+01
6.493559999999999945e+02 7.633120727539062500e+02 2.800000000000000000e+01
6.500280000000000200e+02 7.643035278320312500e+02 3.500000000000000000e+01
6.507000000000000455e+02 7.643397827148437500e+02 2.300000000000000000e+01
6.510359999999999445e+02 7.634221191406250000e+02 2.900000000000000000e+01
6.513719999999999573e+02 7.642698974609375000e+02 2.400000000000000000e+01
6.520499999999999545e+02 7.632996826171875000e+02 2.300000000000000000e+01
6.523859999999999673e+02 7.632910766601562500e+02 2.300000000000000000e+01
6.533940000000000055e+02 7.642637329101562500e+02 2.200000000000000000e+01
6.540660000000000309e+02 7.643612060546875000e+02 2.800000000000000000e+01
6.540660000000000309e+02 7.633304443359375000e+02 2.400000000000000000e+01
6.544020000000000437e+02 7.642767944335937500e+02 2.700000000000000000e+01
6.554160000000000537e+02 7.634008178710937500e+02 2.500000000000000000e+01
6.557519999999999527e+02 7.642800903320312500e+02 2.500000000000000000e+01
6.581100000000000136e+02 7.652558593750000000e+02 5.400000000000000000e+01
6.581100000000000136e+02 7.642156982421875000e+02 3.400000000000000000e+01
6.584460000000000264e+02 7.642185668945312500e+02 2.040000000000000000e+02
6.584460000000000264e+02 7.652378540039062500e+02 1.880000000000000000e+02
6.584460000000000264e+02 7.635396728515625000e+02 2.600000000000000000e+01
6.587820000000000391e+02 7.652409057617187500e+02 2.540000000000000000e+02
6.587820000000000391e+02 7.642202148437500000e+02 2.120000000000000000e+02
6.591240000000000236e+02 7.642276000976562500e+02 3.810000000000000000e+02
6.591240000000000236e+02 7.652437744140625000e+02 2.980000000000000000e+02
6.591240000000000236e+02 7.637823486328125000e+02 2.100000000000000000e+01
6.594600000000000364e+02 7.652411499023437500e+02 4.830000000000000000e+02
6.594600000000000364e+02 7.642197875976562500e+02 3.790000000000000000e+02
6.597960000000000491e+02 7.642247314453125000e+02 5.620000000000000000e+02
6.597960000000000491e+02 7.652456665039062500e+02 4.430000000000000000e+02
6.597960000000000491e+02 7.647498168945312500e+02 2.700000000000000000e+01
6.601319999999999482e+02 7.652451171875000000e+02 5.000000000000000000e+02
6.601319999999999482e+02 7.642274780273437500e+02 4.610000000000000000e+02
6.601319999999999482e+02 7.640583496093750000e+02 2.300000000000000000e+01
6.604679999999999609e+02 7.652384033203125000e+02 5.170000000000000000e+02
6.604679999999999609e+02 7.642259521484375000e+02 4.650000000000000000e+02
6.604679999999999609e+02 7.644822998046875000e+02 4.300000000000000000e+01
6.608039999999999736e+02 7.642207641601562500e+02 4.950000000000000000e+02
6.608039999999999736e+02 7.652470703125000000e+02 4.940000000000000000e+02
6.611399999999999864e+02 7.642257080078125000e+02 4.370000000000000000e+02
6.611399999999999864e+02 7.652377319335937500e+02 4.070000000000000000e+02
6.614819999999999709e+02 7.652469482421875000e+02 3.420000000000000000e+02
6.614819999999999709e+02 7.642310791015625000e+02 2.850000000000000000e+02
6.618179999999999836e+02 7.642233886718750000e+02 3.160000000000000000e+02
6.618179999999999836e+02 7.652481689453125000e+02 2.580000000000000000e+02
6.618179999999999836e+02 7.637242431640625000e+02 2.600000000000000000e+01
6.621539999999999964e+02 7.652467651367187500e+02 2.870000000000000000e+02
6.621539999999999964e+02 7.642391357421875000e+02 1.950000000000000000e+02
6.624900000000000091e+02 7.642197875976562500e+02 1.810000000000000000e+02
6.624900000000000091e+02 7.652542114257812500e+02 1.480000000000000000e+02
6.628260000000000218e+02 7.642310791015625000e+02 1.400000000000000000e+02
6.628260000000000218e+02 7.652495117187500000e+02 1.180000000000000000e+02
6.631620000000000346e+02 7.642549438476562500e+02 8.900000000000000000e+01
6.634980000000000473e+02 7.642731933593750000e+02 1.430000000000000000e+02
6.638400000000000318e+02 7.642777099609375000e+02 1.060000000000000000e+02
6.641760000000000446e+02 7.642952880859375000e+02 8.700000000000000000e+01
6.645119999999999436e+02 7.642844848632812500e+02 8.300000000000000000e+01
6.648479999999999563e+02 7.642738647460937500e+02 9.600000000000000000e+01
6.651839999999999691e+02 7.642895507812500000e+02 6.200000000000000000e+01
6.655199999999999818e+02 7.642877807617187500e+02 7.700000000000000000e+01
6.658559999999999945e+02 7.642843017578125000e+02 4.500000000000000000e+01
6.661979999999999791e+02 7.642901000976562500e+02 3.000000000000000000e+01
6.668700000000000045e+02 7.642733154296875000e+02 4.500000000000000000e+01
6.668700000000000045e+02 7.650297241210937500e+02 2.500000000000000000e+01
6.672060000000000173e+02 7.642908935546875000e+02 3.100000000000000000e+01
6.675420000000000300e+02 7.642848510742187500e+02 4.200000000000000000e+01
6.675420000000000300e+02 7.652059936523437500e+02 2.300000000000000000e+01
