6.604679999999999609e+02 8.504808349609375000e+02 2.900000000000000000e+01
6.604679999999999609e+02 8.524114990234375000e+02 2.300000000000000000e+01
6.604679999999999609e+02 8.513878173828125000e+02 2.200000000000000000e+01
6.614819999999999709e+02 8.513966674804687500e+02 2.900000000000000000e+01
6.614819999999999709e+02 8.512537841796875000e+02 2.200000000000000000e+01
6.618179999999999836e+02 8.514030761718750000e+02 5.100000000000000000e+01
6.621539999999999964e+02 8.513970947265625000e+02 4.100000000000000000e+01
6.624900000000000091e+02 8.513961181640625000e+02 5.400000000000000000e+01
6.624900000000000091e+02 8.523930664062500000e+02 2.700000000000000000e+01
6.628260000000000218e+02 8.514129028320312500e+02 1.150000000000000000e+02
6.628260000000000218e+02 8.524093017578125000e+02 3.800000000000000000e+01
6.631620000000000346e+02 8.514027709960937500e+02 4.700000000000000000e+01
6.631620000000000346e+02 8.523974609375000000e+02 3.400000000000000000e+01
6.634980000000000473e+02 8.514019165039062500e+02 6.900000000000000000e+01
6.638400000000000318e+02 8.514169921875000000e+02 3.500000000000000000e+01
6.641760000000000446e+02 8.514253540039062500e+02 3.800000000000000000e+01
6.645119999999999436e+02 8.524013671875000000e+02 4.700000000000000000e+01
6.645119999999999436e+02 8.514058227539062500e+02 4.600000000000000000e+01
6.648479999999999563e+02 8.513889770507812500e+02 2.600000000000000000e+01
6.648479999999999563e+02 8.523992919921875000e+02 2.300000000000000000e+01
6.651839999999999691e+02 8.513981323242187500e+02 5.000000000000000000e+01
6.655199999999999818e+02 8.514007568359375000e+02 2.300000000000000000e+01
6.661979999999999791e+02 8.514021606445312500e+02 2.300000000000000000e+01
6.688920000000000528e+02 8.504673461914062500e+02 2.500000000000000000e+01
6.692279999999999518e+02 8.514026489257812500e+02 2.400000000000000000e+01
6.695639999999999645e+02 8.514159545898437500e+02 2.700000000000000000e+01
6.698999999999999773e+02 8.524006347656250000e+02 2.200000000000000000e+01
6.702359999999999900e+02 8.514046630859375000e+02 5.400000000000000000e+01
6.705779999999999745e+02 8.514053955078125000e+02 3.300000000000000000e+01
6.712500000000000000e+02 8.513972778320312500e+02 4.400000000000000000e+01
6.715860000000000127e+02 8.513817749023437500e+02 3.200000000000000000e+01
6.715860000000000127e+02 8.524104614257812500e+02 2.300000000000000000e+01
6.736079999999999472e+02 8.513876953125000000e+02 2.500000000000000000e+01
6.746159999999999854e+02 8.513753662109375000e+02 3.100000000000000000e+01
6.749519999999999982e+02 8.508058471679687500e+02 2.300000000000000000e+01
6.749519999999999982e+02 8.514120483398437500e+02 2.200000000000000000e+01
6.763020000000000209e+02 8.504144897460937500e+02 3.100000000000000000e+01
6.803460000000000036e+02 8.513768310546875000e+02 2.400000000000000000e+01
6.820320000000000391e+02 8.519140625000000000e+02 2.200000000000000000e+01
