6.773099999999999454e+02 2.051177825927734375e+02 3.700000000000000000e+01
6.773099999999999454e+02 2.055326995849609375e+02 2.100000000000000000e+01
6.776459999999999582e+02 2.051504364013671875e+02 3.000000000000000000e+01
6.779880000000000564e+02 2.061179809570312500e+02 5.900000000000000000e+01
6.783239999999999554e+02 2.050855407714843750e+02 2.400000000000000000e+01
6.789959999999999809e+02 2.061055755615234375e+02 2.800000000000000000e+01
6.789959999999999809e+02 2.051100769042968750e+02 2.400000000000000000e+01
6.793319999999999936e+02 2.061222381591796875e+02 2.600000000000000000e+01
6.793319999999999936e+02 2.049559173583984375e+02 2.600000000000000000e+01
6.793319999999999936e+02 2.050762023925781250e+02 2.500000000000000000e+01
6.800099999999999909e+02 2.051283874511718750e+02 3.100000000000000000e+01
6.800099999999999909e+02 2.050650024414062500e+02 2.400000000000000000e+01
6.800099999999999909e+02 2.046682586669921875e+02 2.100000000000000000e+01
6.803460000000000036e+02 2.051290283203125000e+02 3.700000000000000000e+01
6.810180000000000291e+02 2.060854492187500000e+02 2.800000000000000000e+01
6.813540000000000418e+02 2.061148834228515625e+02 2.600000000000000000e+01
6.813540000000000418e+02 2.050241394042968750e+02 2.100000000000000000e+01
6.816900000000000546e+02 2.061481628417968750e+02 2.700000000000000000e+01
6.823680000000000518e+02 2.061290893554687500e+02 4.200000000000000000e+01
6.827039999999999509e+02 2.061175384521484375e+02 2.300000000000000000e+01
6.827039999999999509e+02 2.051102142333984375e+02 2.100000000000000000e+01
6.833759999999999764e+02 2.049287719726562500e+02 2.700000000000000000e+01
6.840539999999999736e+02 2.061232604980468750e+02 2.100000000000000000e+01
6.843899999999999864e+02 2.065275115966796875e+02 3.300000000000000000e+01
6.850620000000000118e+02 2.061126708984375000e+02 3.000000000000000000e+01
6.857340000000000373e+02 2.060543823242187500e+02 4.300000000000000000e+01
6.857340000000000373e+02 2.055943298339843750e+02 2.300000000000000000e+01
6.864059999999999491e+02 2.051271514892578125e+02 3.400000000000000000e+01
6.884339999999999691e+02 2.061064147949218750e+02 2.700000000000000000e+01
6.884339999999999691e+02 2.050932006835937500e+02 2.700000000000000000e+01
6.887699999999999818e+02 2.049677734375000000e+02 2.400000000000000000e+01
6.891059999999999945e+02 2.061168823242187500e+02 3.400000000000000000e+01
6.894420000000000073e+02 2.060909118652343750e+02 2.600000000000000000e+01
6.901140000000000327e+02 2.050719604492187500e+02 3.100000000000000000e+01
6.901140000000000327e+02 2.061111145019531250e+02 2.300000000000000000e+01
6.911280000000000427e+02 2.061244964599609375e+02 3.100000000000000000e+01
6.914640000000000555e+02 2.050739593505859375e+02 4.300000000000000000e+01
6.917999999999999545e+02 2.055551605224609375e+02 3.400000000000000000e+01
6.921359999999999673e+02 2.050552673339843750e+02 2.100000000000000000e+01
6.944940000000000282e+02 2.051568603515625000e+02 3.000000000000000000e+01
6.955019999999999527e+02 2.050765991210937500e+02 2.700000000000000000e+01
6.955019999999999527e+02 2.060269927978515625e+02 2.200000000000000000e+01
6.965159999999999627e+02 2.061138305664062500e+02 2.600000000000000000e+01
6.968519999999999754e+02 2.061222686767578125e+02 4.500000000000000000e+01
6.971879999999999882e+02 2.061194915771484375e+02 2.300000000000000000e+01
6.978600000000000136e+02 2.061213836669921875e+02 3.700000000000000000e+01
6.978600000000000136e+02 2.054755554199218750e+02 2.400000000000000000e+01
6.978600000000000136e+02 2.049407501220703125e+02 2.100000000000000000e+01
6.985380000000000109e+02 2.050538635253906250e+02 2.200000000000000000e+01
6.988740000000000236e+02 2.061080322265625000e+02 2.600000000000000000e+01
6.992100000000000364e+02 2.061147003173828125e+02 3.300000000000000000e+01
7.002240000000000464e+02 2.061183624267578125e+02 2.700000000000000000e+01
7.005599999999999454e+02 2.051690368652343750e+02 2.400000000000000000e+01
7.008959999999999582e+02 2.060965270996093750e+02 2.400000000000000000e+01
7.019039999999999964e+02 2.059347076416015625e+02 2.500000000000000000e+01
7.025819999999999936e+02 2.051499481201171875e+02 2.100000000000000000e+01
7.029180000000000064e+02 2.061155700683593750e+02 2.800000000000000000e+01
7.035900000000000318e+02 2.051646270751953125e+02 2.600000000000000000e+01
7.049400000000000546e+02 2.061148681640625000e+02 2.500000000000000000e+01
7.056119999999999663e+02 2.061073150634765625e+02 2.600000000000000000e+01
7.059479999999999791e+02 2.050015106201171875e+02 3.100000000000000000e+01
