6.789959999999999809e+02 5.490982666015625000e+02 2.600000000000000000e+01
6.793319999999999936e+02 5.481376342773437500e+02 2.500000000000000000e+01
6.796739999999999782e+02 5.478271484375000000e+02 2.300000000000000000e+01
6.803460000000000036e+02 5.486972045898437500e+02 2.100000000000000000e+01
6.806820000000000164e+02 5.495825805664062500e+02 2.600000000000000000e+01
6.806820000000000164e+02 5.493892822265625000e+02 2.200000000000000000e+01
6.813540000000000418e+02 5.494025878906250000e+02 2.300000000000000000e+01
6.823680000000000518e+02 5.481967163085937500e+02 2.100000000000000000e+01
6.830399999999999636e+02 5.493093261718750000e+02 2.200000000000000000e+01
6.840539999999999736e+02 5.493171997070312500e+02 2.500000000000000000e+01
6.840539999999999736e+02 5.477973632812500000e+02 2.200000000000000000e+01
6.867480000000000473e+02 5.493109130859375000e+02 2.800000000000000000e+01
6.870839999999999463e+02 5.488426513671875000e+02 2.500000000000000000e+01
6.874199999999999591e+02 5.493108520507812500e+02 2.100000000000000000e+01
6.894420000000000073e+02 5.489364624023437500e+02 2.500000000000000000e+01
6.917999999999999545e+02 5.492756347656250000e+02 2.400000000000000000e+01
6.931440000000000055e+02 5.493402709960937500e+02 2.900000000000000000e+01
6.931440000000000055e+02 5.487833251953125000e+02 2.100000000000000000e+01
6.934859999999999900e+02 5.492630004882812500e+02 2.300000000000000000e+01
6.938220000000000027e+02 5.493078613281250000e+02 2.200000000000000000e+01
6.944940000000000282e+02 5.493417968750000000e+02 3.500000000000000000e+01
6.958440000000000509e+02 5.488847656250000000e+02 2.200000000000000000e+01
6.971879999999999882e+02 5.487633056640625000e+02 2.100000000000000000e+01
6.992100000000000364e+02 5.493482666015625000e+02 3.500000000000000000e+01
6.995460000000000491e+02 5.493696899414062500e+02 2.500000000000000000e+01
7.012319999999999709e+02 5.493474731445312500e+02 2.300000000000000000e+01
7.015679999999999836e+02 5.493295288085937500e+02 4.200000000000000000e+01
7.039260000000000446e+02 5.484016113281250000e+02 2.600000000000000000e+01
7.056119999999999663e+02 5.486801147460937500e+02 2.300000000000000000e+01
7.066200000000000045e+02 5.491964111328125000e+02 2.400000000000000000e+01
