6.816900000000000546e+02 1.210618591308593750e+02 2.100000000000000000e+01
6.830399999999999636e+02 1.210993881225585938e+02 2.700000000000000000e+01
6.840539999999999736e+02 1.220319061279296875e+02 2.100000000000000000e+01
6.931440000000000055e+02 1.210962448120117188e+02 2.100000000000000000e+01
6.941580000000000155e+02 1.211020507812500000e+02 2.100000000000000000e+01
6.944940000000000282e+02 1.210467529296875000e+02 2.600000000000000000e+01
6.985380000000000109e+02 1.210476837158203125e+02 2.100000000000000000e+01
6.988740000000000236e+02 1.209555358886718750e+02 2.300000000000000000e+01
7.032540000000000191e+02 1.220553894042968750e+02 2.400000000000000000e+01
7.056119999999999663e+02 1.211049270629882812e+02 3.200000000000000000e+01
