7.116779999999999973e+02 1.701470489501953125e+02 2.200000000000000000e+01
7.126860000000000355e+02 1.711107482910156250e+02 2.300000000000000000e+01
7.147079999999999700e+02 1.720848236083984375e+02 2.100000000000000000e+01
7.153799999999999955e+02 1.710453491210937500e+02 3.100000000000000000e+01
7.153799999999999955e+02 1.701467285156250000e+02 2.400000000000000000e+01
7.157160000000000082e+02 1.711025543212890625e+02 2.400000000000000000e+01
7.167300000000000182e+02 1.720686340332031250e+02 2.900000000000000000e+01
7.180739999999999554e+02 1.720918579101562500e+02 2.900000000000000000e+01
7.184099999999999682e+02 1.710340118408203125e+02 3.700000000000000000e+01
7.187519999999999527e+02 1.716094818115234375e+02 2.100000000000000000e+01
7.190879999999999654e+02 1.711125488281250000e+02 2.200000000000000000e+01
7.197599999999999909e+02 1.711330566406250000e+02 3.100000000000000000e+01
7.201019999999999754e+02 1.711435241699218750e+02 2.600000000000000000e+01
7.207740000000000009e+02 1.711407470703125000e+02 2.600000000000000000e+01
7.221180000000000518e+02 1.720777587890625000e+02 2.300000000000000000e+01
7.231319999999999482e+02 1.711130828857421875e+02 2.400000000000000000e+01
7.251480000000000246e+02 1.709583435058593750e+02 4.800000000000000000e+01
7.254900000000000091e+02 1.711054840087890625e+02 4.100000000000000000e+01
7.261620000000000346e+02 1.711239624023437500e+02 2.200000000000000000e+01
7.264980000000000473e+02 1.710944824218750000e+02 2.200000000000000000e+01
7.271699999999999591e+02 1.720725860595703125e+02 2.600000000000000000e+01
7.278479999999999563e+02 1.706134033203125000e+02 2.500000000000000000e+01
7.332359999999999900e+02 1.720564117431640625e+02 2.300000000000000000e+01
7.332359999999999900e+02 1.711307525634765625e+02 2.100000000000000000e+01
7.335720000000000027e+02 1.711346588134765625e+02 3.100000000000000000e+01
7.355940000000000509e+02 1.711065979003906250e+02 2.700000000000000000e+01
7.379519999999999982e+02 1.709581298828125000e+02 2.600000000000000000e+01
7.382880000000000109e+02 1.720760650634765625e+02 2.200000000000000000e+01
7.389660000000000082e+02 1.701422271728515625e+02 2.200000000000000000e+01
7.399740000000000464e+02 1.710247497558593750e+02 3.300000000000000000e+01
7.403099999999999454e+02 1.710245819091796875e+02 7.300000000000000000e+01
7.406459999999999582e+02 1.710397644042968750e+02 4.100000000000000000e+01
7.409819999999999709e+02 1.710228424072265625e+02 2.400000000000000000e+01
