7.490700000000000500e+02 8.403434448242187500e+02 2.200000000000000000e+01
7.517640000000000100e+02 8.403334960937500000e+02 3.100000000000000000e+01
7.547939999999999827e+02 8.413450317382812500e+02 3.600000000000000000e+01
7.564800000000000182e+02 8.403482055664062500e+02 2.300000000000000000e+01
7.591739999999999782e+02 8.412542724609375000e+02 2.500000000000000000e+01
7.595159999999999627e+02 8.403630371093750000e+02 2.200000000000000000e+01
7.601879999999999882e+02 8.413447265625000000e+02 2.500000000000000000e+01
7.605240000000000009e+02 8.403467407226562500e+02 2.100000000000000000e+01
7.608600000000000136e+02 8.403181152343750000e+02 3.700000000000000000e+01
7.611960000000000264e+02 8.403515014648437500e+02 2.600000000000000000e+01
7.615320000000000391e+02 8.403569335937500000e+02 2.200000000000000000e+01
7.618680000000000518e+02 8.403376464843750000e+02 4.600000000000000000e+01
7.625460000000000491e+02 8.403319091796875000e+02 3.900000000000000000e+01
7.625460000000000491e+02 8.413497314453125000e+02 3.200000000000000000e+01
7.638899999999999864e+02 8.403395385742187500e+02 5.100000000000000000e+01
7.642259999999999991e+02 8.403687744140625000e+02 2.300000000000000000e+01
7.645679999999999836e+02 8.403565063476562500e+02 2.400000000000000000e+01
7.649039999999999964e+02 8.403422851562500000e+02 3.400000000000000000e+01
7.655760000000000218e+02 8.403298950195312500e+02 2.200000000000000000e+01
7.665900000000000318e+02 8.413429565429687500e+02 2.100000000000000000e+01
7.669260000000000446e+02 8.403298950195312500e+02 3.200000000000000000e+01
7.672619999999999436e+02 8.403433837890625000e+02 2.800000000000000000e+01
7.675979999999999563e+02 8.413439941406250000e+02 2.200000000000000000e+01
7.679339999999999691e+02 8.413593750000000000e+02 2.300000000000000000e+01
7.689420000000000073e+02 8.403433837890625000e+02 4.000000000000000000e+01
7.692839999999999918e+02 8.403385009765625000e+02 3.900000000000000000e+01
7.692839999999999918e+02 8.413321533203125000e+02 2.100000000000000000e+01
7.696200000000000045e+02 8.403424072265625000e+02 3.000000000000000000e+01
7.699560000000000173e+02 8.403391113281250000e+02 5.300000000000000000e+01
7.699560000000000173e+02 8.413183593750000000e+02 3.800000000000000000e+01
7.702920000000000300e+02 8.413280029296875000e+02 4.100000000000000000e+01
7.702920000000000300e+02 8.403696289062500000e+02 3.500000000000000000e+01
7.706280000000000427e+02 8.403553466796875000e+02 3.700000000000000000e+01
7.706280000000000427e+02 8.413462524414062500e+02 3.200000000000000000e+01
7.713060000000000400e+02 8.403334960937500000e+02 3.300000000000000000e+01
7.716420000000000528e+02 8.403383789062500000e+02 4.500000000000000000e+01
7.719779999999999518e+02 8.403127441406250000e+02 3.700000000000000000e+01
7.723139999999999645e+02 8.403497314453125000e+02 4.500000000000000000e+01
7.726499999999999773e+02 8.403399658203125000e+02 4.800000000000000000e+01
7.726499999999999773e+02 8.413426513671875000e+02 2.900000000000000000e+01
7.729859999999999900e+02 8.403410644531250000e+02 4.100000000000000000e+01
7.733220000000000027e+02 8.403393554687500000e+02 3.600000000000000000e+01
7.733220000000000027e+02 8.413214721679687500e+02 2.100000000000000000e+01
7.736639999999999873e+02 8.403468627929687500e+02 3.100000000000000000e+01
7.736639999999999873e+02 8.413628540039062500e+02 2.700000000000000000e+01
