7.514279999999999973e+02 6.253843994140625000e+02 2.200000000000000000e+01
7.517640000000000100e+02 6.253656616210937500e+02 2.700000000000000000e+01
7.544579999999999700e+02 6.253598632812500000e+02 2.100000000000000000e+01
7.547939999999999827e+02 6.238717651367187500e+02 2.500000000000000000e+01
7.547939999999999827e+02 6.249703369140625000e+02 2.200000000000000000e+01
7.564800000000000182e+02 6.249772338867187500e+02 2.200000000000000000e+01
7.601879999999999882e+02 6.255112915039062500e+02 2.900000000000000000e+01
7.635539999999999736e+02 6.256889648437500000e+02 2.200000000000000000e+01
7.642259999999999991e+02 6.252755737304687500e+02 2.100000000000000000e+01
7.662480000000000473e+02 6.248668212890625000e+02 2.100000000000000000e+01
7.675979999999999563e+02 6.256876831054687500e+02 2.100000000000000000e+01
7.696200000000000045e+02 6.253499755859375000e+02 2.600000000000000000e+01
7.702920000000000300e+02 6.239749755859375000e+02 2.900000000000000000e+01
7.723139999999999645e+02 6.249476928710937500e+02 3.000000000000000000e+01
7.753440000000000509e+02 6.241301269531250000e+02 2.200000000000000000e+01
7.763579999999999472e+02 6.248160400390625000e+02 2.100000000000000000e+01
7.787160000000000082e+02 6.240710449218750000e+02 2.100000000000000000e+01
