7.537859999999999445e+02 5.143200073242187500e+02 2.500000000000000000e+01
7.541219999999999573e+02 5.162132568359375000e+02 2.400000000000000000e+01
7.561440000000000055e+02 5.162987060546875000e+02 2.300000000000000000e+01
7.571520000000000437e+02 5.157988891601562500e+02 3.900000000000000000e+01
7.571520000000000437e+02 5.152189331054687500e+02 2.800000000000000000e+01
7.578300000000000409e+02 5.152717285156250000e+02 3.200000000000000000e+01
7.585019999999999527e+02 5.153001708984375000e+02 3.400000000000000000e+01
7.591739999999999782e+02 5.152896728515625000e+02 3.400000000000000000e+01
7.595159999999999627e+02 5.162172241210937500e+02 2.500000000000000000e+01
7.598519999999999754e+02 5.152931518554687500e+02 2.500000000000000000e+01
7.601879999999999882e+02 5.162923583984375000e+02 2.200000000000000000e+01
7.611960000000000264e+02 5.152957763671875000e+02 4.100000000000000000e+01
7.618680000000000518e+02 5.163020019531250000e+02 3.200000000000000000e+01
7.618680000000000518e+02 5.152820434570312500e+02 2.900000000000000000e+01
7.628819999999999482e+02 5.152905883789062500e+02 2.600000000000000000e+01
7.635539999999999736e+02 5.158979492187500000e+02 2.300000000000000000e+01
7.635539999999999736e+02 5.153101806640625000e+02 2.200000000000000000e+01
7.638899999999999864e+02 5.162637329101562500e+02 3.300000000000000000e+01
7.638899999999999864e+02 5.152537841796875000e+02 2.200000000000000000e+01
7.652400000000000091e+02 5.158884887695312500e+02 2.300000000000000000e+01
7.655760000000000218e+02 5.162202148437500000e+02 2.400000000000000000e+01
7.655760000000000218e+02 5.152970581054687500e+02 2.400000000000000000e+01
7.659120000000000346e+02 5.161022338867187500e+02 2.400000000000000000e+01
7.682699999999999818e+02 5.153129272460937500e+02 3.000000000000000000e+01
7.686059999999999945e+02 5.162504272460937500e+02 2.200000000000000000e+01
7.686059999999999945e+02 5.143912353515625000e+02 2.100000000000000000e+01
7.702920000000000300e+02 5.158245849609375000e+02 2.100000000000000000e+01
7.706280000000000427e+02 5.152805175781250000e+02 2.200000000000000000e+01
7.709640000000000555e+02 5.152881469726562500e+02 2.100000000000000000e+01
7.729859999999999900e+02 5.161157226562500000e+02 2.100000000000000000e+01
7.733220000000000027e+02 5.152792968750000000e+02 2.800000000000000000e+01
7.733220000000000027e+02 5.162138061523437500e+02 2.300000000000000000e+01
7.746720000000000255e+02 5.154051513671875000e+02 3.900000000000000000e+01
7.756799999999999500e+02 5.161928100585937500e+02 2.100000000000000000e+01
7.760220000000000482e+02 5.159224853515625000e+02 2.200000000000000000e+01
7.770299999999999727e+02 5.162477416992187500e+02 2.300000000000000000e+01
7.773659999999999854e+02 5.148765869140625000e+02 2.300000000000000000e+01
7.780439999999999827e+02 5.158043212890625000e+02 2.200000000000000000e+01
7.787160000000000082e+02 5.152382202148437500e+02 2.100000000000000000e+01
7.790520000000000209e+02 5.147592773437500000e+02 2.700000000000000000e+01
7.814099999999999682e+02 5.152999877929687500e+02 3.400000000000000000e+01
