6.384599999999999653e+01 6.840233764648437500e+02 2.400000000000000000e+01
6.418319999999999936e+01 6.841002807617187500e+02 2.600000000000000000e+01
6.418319999999999936e+01 6.831274414062500000e+02 2.200000000000000000e+01
6.418319999999999936e+01 6.846268920898437500e+02 2.200000000000000000e+01
6.451919999999999789e+01 6.840281982421875000e+02 3.400000000000000000e+01
6.553019999999999357e+01 6.839869384765625000e+02 3.700000000000000000e+01
6.586679999999999779e+01 6.839848022460937500e+02 3.600000000000000000e+01
6.586679999999999779e+01 6.831119384765625000e+02 2.200000000000000000e+01
6.620279999999999632e+01 6.849322509765625000e+02 2.100000000000000000e+01
6.654000000000000625e+01 6.840318603515625000e+02 2.400000000000000000e+01
6.687720000000000198e+01 6.850159301757812500e+02 2.400000000000000000e+01
6.856080000000000041e+01 6.841709594726562500e+02 2.700000000000000000e+01
6.957179999999999609e+01 6.835547485351562500e+02 4.700000000000000000e+01
6.957179999999999609e+01 6.846454467773437500e+02 3.100000000000000000e+01
6.957179999999999609e+01 6.850573120117187500e+02 2.300000000000000000e+01
6.957179999999999609e+01 6.849135742187500000e+02 2.200000000000000000e+01
6.990900000000000603e+01 6.848581542968750000e+02 2.300000000000000000e+01
7.024500000000000455e+01 6.838965454101562500e+02 2.100000000000000000e+01
7.091880000000000450e+01 6.830792846679687500e+02 2.300000000000000000e+01
7.159199999999999875e+01 6.840653686523437500e+02 3.500000000000000000e+01
7.159199999999999875e+01 6.839308471679687500e+02 2.200000000000000000e+01
7.193099999999999739e+01 6.839580078125000000e+02 2.500000000000000000e+01
7.429019999999999868e+01 6.840144042968750000e+02 3.100000000000000000e+01
7.664700000000000557e+01 6.842320556640625000e+02 2.200000000000000000e+01
7.698420000000000130e+01 6.849416503906250000e+02 2.100000000000000000e+01
7.732080000000000553e+01 6.840789794921875000e+02 3.000000000000000000e+01
7.765800000000000125e+01 6.839058837890625000e+02 2.700000000000000000e+01
7.866779999999999973e+01 6.832438964843750000e+02 2.500000000000000000e+01
8.136299999999999955e+01 6.841775512695312500e+02 2.800000000000000000e+01
8.136299999999999955e+01 6.850230712890625000e+02 2.700000000000000000e+01
8.506980000000000075e+01 6.847473144531250000e+02 2.700000000000000000e+01
8.540579999999999927e+01 6.831510620117187500e+02 2.100000000000000000e+01
8.574299999999999500e+01 6.849900512695312500e+02 2.100000000000000000e+01
8.709000000000000341e+01 6.840654907226562500e+02 2.600000000000000000e+01
8.911079999999999757e+01 6.840252685546875000e+02 2.300000000000000000e+01
8.944799999999999329e+01 6.849700317382812500e+02 2.100000000000000000e+01
9.180719999999999459e+01 6.848963623046875000e+02 2.400000000000000000e+01
