7.554719999999999800e+02 5.473793334960937500e+02 7.800000000000000000e+01
7.554719999999999800e+02 5.468630371093750000e+02 2.400000000000000000e+01
7.558079999999999927e+02 5.473784790039062500e+02 3.400000000000000000e+01
7.561440000000000055e+02 5.473677368164062500e+02 5.500000000000000000e+01
7.564800000000000182e+02 5.481600952148437500e+02 2.400000000000000000e+01
7.571520000000000437e+02 5.473839111328125000e+02 2.600000000000000000e+01
7.588379999999999654e+02 5.471778564453125000e+02 2.100000000000000000e+01
7.595159999999999627e+02 5.473406982421875000e+02 2.100000000000000000e+01
7.605240000000000009e+02 5.473193359375000000e+02 2.300000000000000000e+01
7.608600000000000136e+02 5.475189819335937500e+02 2.600000000000000000e+01
7.618680000000000518e+02 5.472645263671875000e+02 2.200000000000000000e+01
7.635539999999999736e+02 5.473474731445312500e+02 3.200000000000000000e+01
7.686059999999999945e+02 5.474007568359375000e+02 2.300000000000000000e+01
7.702920000000000300e+02 5.473847656250000000e+02 2.400000000000000000e+01
7.706280000000000427e+02 5.483779907226562500e+02 3.300000000000000000e+01
7.709640000000000555e+02 5.478229370117187500e+02 2.200000000000000000e+01
7.729859999999999900e+02 5.472489624023437500e+02 3.400000000000000000e+01
7.740000000000000000e+02 5.471908569335937500e+02 2.700000000000000000e+01
7.743360000000000127e+02 5.478719482421875000e+02 2.900000000000000000e+01
7.743360000000000127e+02 5.473916625976562500e+02 2.100000000000000000e+01
7.746720000000000255e+02 5.463966064453125000e+02 3.100000000000000000e+01
7.760220000000000482e+02 5.464038085937500000e+02 2.500000000000000000e+01
7.763579999999999472e+02 5.464032592773437500e+02 2.100000000000000000e+01
7.766939999999999600e+02 5.473687133789062500e+02 2.700000000000000000e+01
7.770299999999999727e+02 5.471527709960937500e+02 2.300000000000000000e+01
7.770299999999999727e+02 5.473466796875000000e+02 2.100000000000000000e+01
7.773659999999999854e+02 5.463978271484375000e+02 3.700000000000000000e+01
7.773659999999999854e+02 5.473755493164062500e+02 3.000000000000000000e+01
7.777019999999999982e+02 5.464185180664062500e+02 4.000000000000000000e+01
7.780439999999999827e+02 5.463948364257812500e+02 5.200000000000000000e+01
7.783799999999999955e+02 5.475380249023437500e+02 2.100000000000000000e+01
7.787160000000000082e+02 5.463888549804687500e+02 2.500000000000000000e+01
7.790520000000000209e+02 5.463986816406250000e+02 2.800000000000000000e+01
7.810739999999999554e+02 5.473180541992187500e+02 2.800000000000000000e+01
7.814099999999999682e+02 5.463938598632812500e+02 2.400000000000000000e+01
7.824239999999999782e+02 5.483483276367187500e+02 2.900000000000000000e+01
7.827599999999999909e+02 5.483262329101562500e+02 2.400000000000000000e+01
7.834320000000000164e+02 5.481339721679687500e+02 2.900000000000000000e+01
7.834320000000000164e+02 5.483658447265625000e+02 2.100000000000000000e+01
7.837680000000000291e+02 5.483497314453125000e+02 2.400000000000000000e+01
