7.622100000000000364e+02 2.071400451660156250e+02 3.400000000000000000e+01
7.628819999999999482e+02 2.061176605224609375e+02 4.300000000000000000e+01
7.632179999999999609e+02 2.071045074462890625e+02 3.300000000000000000e+01
7.632179999999999609e+02 2.065793762207031250e+02 2.400000000000000000e+01
7.635539999999999736e+02 2.070749816894531250e+02 3.000000000000000000e+01
7.638899999999999864e+02 2.071353607177734375e+02 2.600000000000000000e+01
7.638899999999999864e+02 2.061207122802734375e+02 2.600000000000000000e+01
7.642259999999999991e+02 2.075940246582031250e+02 2.200000000000000000e+01
7.649039999999999964e+02 2.075169219970703125e+02 2.700000000000000000e+01
7.659120000000000346e+02 2.070750274658203125e+02 2.200000000000000000e+01
7.665900000000000318e+02 2.061236267089843750e+02 2.900000000000000000e+01
7.682699999999999818e+02 2.080814971923828125e+02 2.500000000000000000e+01
7.686059999999999945e+02 2.071184082031250000e+02 2.700000000000000000e+01
7.689420000000000073e+02 2.071367340087890625e+02 3.700000000000000000e+01
7.692839999999999918e+02 2.070958862304687500e+02 2.400000000000000000e+01
7.692839999999999918e+02 2.061151580810546875e+02 2.300000000000000000e+01
7.696200000000000045e+02 2.061200408935546875e+02 3.200000000000000000e+01
7.699560000000000173e+02 2.071397552490234375e+02 2.300000000000000000e+01
7.702920000000000300e+02 2.061376342773437500e+02 3.200000000000000000e+01
7.709640000000000555e+02 2.080962677001953125e+02 3.000000000000000000e+01
7.716420000000000528e+02 2.070625305175781250e+02 2.400000000000000000e+01
7.723139999999999645e+02 2.071512908935546875e+02 2.100000000000000000e+01
7.729859999999999900e+02 2.065536346435546875e+02 2.100000000000000000e+01
7.736639999999999873e+02 2.071353149414062500e+02 3.300000000000000000e+01
7.736639999999999873e+02 2.061209716796875000e+02 2.600000000000000000e+01
7.750080000000000382e+02 2.080735321044921875e+02 3.100000000000000000e+01
7.750080000000000382e+02 2.070690002441406250e+02 2.100000000000000000e+01
7.756799999999999500e+02 2.064042205810546875e+02 2.100000000000000000e+01
7.766939999999999600e+02 2.070984191894531250e+02 2.900000000000000000e+01
7.770299999999999727e+02 2.061167602539062500e+02 2.100000000000000000e+01
7.773659999999999854e+02 2.071655120849609375e+02 2.100000000000000000e+01
7.780439999999999827e+02 2.061234588623046875e+02 3.000000000000000000e+01
7.800599999999999454e+02 2.071060485839843750e+02 2.300000000000000000e+01
7.804020000000000437e+02 2.071016845703125000e+02 3.400000000000000000e+01
7.804020000000000437e+02 2.065820159912109375e+02 2.400000000000000000e+01
7.804020000000000437e+02 2.080392303466796875e+02 2.200000000000000000e+01
7.814099999999999682e+02 2.076010589599609375e+02 2.200000000000000000e+01
7.817459999999999809e+02 2.070700225830078125e+02 2.100000000000000000e+01
7.824239999999999782e+02 2.070956878662109375e+02 3.700000000000000000e+01
7.827599999999999909e+02 2.070923309326171875e+02 2.500000000000000000e+01
7.834320000000000164e+02 2.071409454345703125e+02 2.900000000000000000e+01
7.841040000000000418e+02 2.061114196777343750e+02 2.300000000000000000e+01
7.854539999999999509e+02 2.061250610351562500e+02 2.800000000000000000e+01
7.857899999999999636e+02 2.080426177978515625e+02 2.200000000000000000e+01
7.861259999999999764e+02 2.061149291992187500e+02 2.500000000000000000e+01
7.881480000000000246e+02 2.070318450927734375e+02 2.100000000000000000e+01
7.888200000000000500e+02 2.061177368164062500e+02 3.900000000000000000e+01
7.891559999999999491e+02 2.070638427734375000e+02 2.300000000000000000e+01
