6.350880000000000081e+01 4.550592041015625000e+02 4.500000000000000000e+01
6.350880000000000081e+01 4.561518554687500000e+02 3.200000000000000000e+01
6.350880000000000081e+01 4.569066467285156250e+02 2.800000000000000000e+01
6.384599999999999653e+01 4.560423278808593750e+02 3.300000000000000000e+01
6.384599999999999653e+01 4.555280761718750000e+02 2.600000000000000000e+01
6.384599999999999653e+01 4.562234497070312500e+02 2.100000000000000000e+01
6.418319999999999936e+01 4.570458984375000000e+02 3.200000000000000000e+01
6.451919999999999789e+01 4.550899963378906250e+02 3.700000000000000000e+01
6.485580000000000211e+01 4.565123901367187500e+02 4.700000000000000000e+01
6.485580000000000211e+01 4.560224609375000000e+02 4.200000000000000000e+01
6.485580000000000211e+01 4.570066528320312500e+02 2.700000000000000000e+01
6.519299999999999784e+01 4.559707946777343750e+02 4.600000000000000000e+01
6.519299999999999784e+01 4.555379638671875000e+02 2.600000000000000000e+01
6.553019999999999357e+01 4.560645141601562500e+02 4.400000000000000000e+01
6.553019999999999357e+01 4.555336303710937500e+02 4.400000000000000000e+01
6.553019999999999357e+01 4.570003967285156250e+02 2.200000000000000000e+01
6.586679999999999779e+01 4.551183776855468750e+02 4.300000000000000000e+01
6.586679999999999779e+01 4.560105590820312500e+02 4.000000000000000000e+01
6.586679999999999779e+01 4.570051269531250000e+02 3.100000000000000000e+01
6.586679999999999779e+01 4.555694580078125000e+02 2.700000000000000000e+01
6.620279999999999632e+01 4.550932922363281250e+02 3.900000000000000000e+01
6.620279999999999632e+01 4.560671997070312500e+02 3.900000000000000000e+01
6.620279999999999632e+01 4.569551696777343750e+02 2.300000000000000000e+01
6.654000000000000625e+01 4.560261230468750000e+02 4.600000000000000000e+01
6.654000000000000625e+01 4.561656799316406250e+02 3.900000000000000000e+01
6.654000000000000625e+01 4.570384521484375000e+02 3.000000000000000000e+01
6.654000000000000625e+01 4.556601562500000000e+02 2.600000000000000000e+01
6.654000000000000625e+01 4.551251220703125000e+02 2.200000000000000000e+01
6.654000000000000625e+01 4.569038391113281250e+02 2.200000000000000000e+01
6.687720000000000198e+01 4.570318908691406250e+02 3.000000000000000000e+01
6.687720000000000198e+01 4.555048522949218750e+02 2.700000000000000000e+01
6.721380000000000621e+01 4.555480346679687500e+02 3.000000000000000000e+01
6.754980000000000473e+01 4.570009155273437500e+02 2.800000000000000000e+01
6.754980000000000473e+01 4.564557800292968750e+02 2.600000000000000000e+01
6.754980000000000473e+01 4.559999694824218750e+02 2.200000000000000000e+01
6.788819999999999766e+01 4.551224060058593750e+02 3.500000000000000000e+01
6.788819999999999766e+01 4.560262756347656250e+02 3.300000000000000000e+01
6.788819999999999766e+01 4.556345825195312500e+02 2.400000000000000000e+01
6.822480000000000189e+01 4.561267089843750000e+02 3.800000000000000000e+01
6.822480000000000189e+01 4.570237121582031250e+02 2.200000000000000000e+01
6.856080000000000041e+01 4.570520935058593750e+02 3.700000000000000000e+01
6.889799999999999613e+01 4.561268615722656250e+02 3.100000000000000000e+01
6.889799999999999613e+01 4.551183471679687500e+02 2.100000000000000000e+01
6.923520000000000607e+01 4.550769653320312500e+02 6.100000000000000000e+01
6.923520000000000607e+01 4.555480346679687500e+02 2.500000000000000000e+01
6.957179999999999609e+01 4.560704956054687500e+02 2.200000000000000000e+01
7.024500000000000455e+01 4.559771118164062500e+02 3.100000000000000000e+01
7.024500000000000455e+01 4.551143493652343750e+02 2.300000000000000000e+01
7.024500000000000455e+01 4.569783630371093750e+02 2.100000000000000000e+01
7.058220000000000027e+01 4.560685729980468750e+02 3.400000000000000000e+01
7.058220000000000027e+01 4.555313110351562500e+02 3.000000000000000000e+01
7.091880000000000450e+01 4.550622863769531250e+02 4.000000000000000000e+01
7.091880000000000450e+01 4.569403076171875000e+02 2.400000000000000000e+01
7.125600000000000023e+01 4.569435424804687500e+02 3.300000000000000000e+01
7.159199999999999875e+01 4.555684509277343750e+02 4.500000000000000000e+01
7.159199999999999875e+01 4.550677490234375000e+02 2.900000000000000000e+01
7.159199999999999875e+01 4.568773193359375000e+02 2.800000000000000000e+01
7.159199999999999875e+01 4.567746582031250000e+02 2.100000000000000000e+01
7.193099999999999739e+01 4.554737854003906250e+02 2.600000000000000000e+01
7.193099999999999739e+01 4.550826110839843750e+02 2.500000000000000000e+01
7.226819999999999311e+01 4.569754333496093750e+02 3.000000000000000000e+01
7.226819999999999311e+01 4.555101013183593750e+02 2.600000000000000000e+01
7.226819999999999311e+01 4.558171081542968750e+02 2.200000000000000000e+01
7.260479999999999734e+01 4.556370849609375000e+02 2.300000000000000000e+01
7.260479999999999734e+01 4.568859558105468750e+02 2.300000000000000000e+01
7.260479999999999734e+01 4.560093383789062500e+02 2.200000000000000000e+01
7.294199999999999307e+01 4.555359497070312500e+02 2.300000000000000000e+01
7.327920000000000300e+01 4.559131774902343750e+02 2.800000000000000000e+01
7.327920000000000300e+01 4.561287841796875000e+02 2.500000000000000000e+01
7.361579999999999302e+01 4.551149291992187500e+02 2.600000000000000000e+01
7.395300000000000296e+01 4.560515747070312500e+02 2.900000000000000000e+01
7.462680000000000291e+01 4.569976501464843750e+02 2.200000000000000000e+01
7.529999999999999716e+01 4.551575317382812500e+02 2.600000000000000000e+01
7.597379999999999711e+01 4.560729370117187500e+02 3.400000000000000000e+01
7.664700000000000557e+01 4.570098876953125000e+02 3.600000000000000000e+01
7.698420000000000130e+01 4.550872192382812500e+02 2.600000000000000000e+01
7.698420000000000130e+01 4.560418090820312500e+02 2.600000000000000000e+01
7.765800000000000125e+01 4.569208679199218750e+02 3.300000000000000000e+01
7.799399999999999977e+01 4.561961364746093750e+02 2.600000000000000000e+01
7.799399999999999977e+01 4.565547790527343750e+02 2.100000000000000000e+01
7.833119999999999550e+01 4.560568542480468750e+02 2.600000000000000000e+01
7.866779999999999973e+01 4.550992126464843750e+02 3.800000000000000000e+01
7.934220000000000539e+01 4.570133056640625000e+02 3.000000000000000000e+01
7.967820000000000391e+01 4.551828002929687500e+02 2.900000000000000000e+01
7.967820000000000391e+01 4.568722229003906250e+02 2.100000000000000000e+01
8.001479999999999393e+01 4.560923767089843750e+02 2.900000000000000000e+01
8.035200000000000387e+01 4.565971069335937500e+02 2.200000000000000000e+01
8.102580000000000382e+01 4.569226684570312500e+02 2.300000000000000000e+01
8.102580000000000382e+01 4.560844726562500000e+02 2.100000000000000000e+01
8.170019999999999527e+01 4.552290344238281250e+02 2.300000000000000000e+01
8.203799999999999670e+01 4.550578918457031250e+02 3.200000000000000000e+01
8.271179999999999666e+01 4.561267089843750000e+02 2.800000000000000000e+01
8.304900000000000659e+01 4.550858459472656250e+02 5.500000000000000000e+01
8.338620000000000232e+01 4.550569763183593750e+02 2.500000000000000000e+01
8.372220000000000084e+01 4.550597839355468750e+02 3.000000000000000000e+01
8.439600000000000080e+01 4.551414794921875000e+02 2.700000000000000000e+01
8.473319999999999652e+01 4.552197875976562500e+02 2.400000000000000000e+01
8.473319999999999652e+01 4.560970153808593750e+02 2.300000000000000000e+01
8.473319999999999652e+01 4.562991333007812500e+02 2.200000000000000000e+01
8.506980000000000075e+01 4.560570678710937500e+02 2.700000000000000000e+01
8.506980000000000075e+01 4.570319824218750000e+02 2.200000000000000000e+01
8.540579999999999927e+01 4.565340576171875000e+02 2.500000000000000000e+01
8.540579999999999927e+01 4.560380249023437500e+02 2.400000000000000000e+01
8.574299999999999500e+01 4.560636291503906250e+02 3.800000000000000000e+01
8.574299999999999500e+01 4.565247497558593750e+02 2.200000000000000000e+01
8.608020000000000493e+01 4.550821838378906250e+02 2.600000000000000000e+01
8.675400000000000489e+01 4.560148010253906250e+02 2.500000000000000000e+01
8.675400000000000489e+01 4.564952392578125000e+02 2.400000000000000000e+01
8.709000000000000341e+01 4.551190795898437500e+02 2.100000000000000000e+01
8.843699999999999761e+01 4.550981445312500000e+02 3.300000000000000000e+01
8.877419999999999334e+01 4.550933837890625000e+02 3.900000000000000000e+01
8.911079999999999757e+01 4.570378723144531250e+02 2.200000000000000000e+01
8.944799999999999329e+01 4.559979553222656250e+02 2.200000000000000000e+01
8.978520000000000323e+01 4.569223632812500000e+02 2.400000000000000000e+01
9.012179999999999325e+01 4.560806274414062500e+02 3.200000000000000000e+01
9.079619999999999891e+01 4.561507263183593750e+02 3.100000000000000000e+01
9.079619999999999891e+01 4.559045715332031250e+02 2.700000000000000000e+01
9.146999999999999886e+01 4.551482543945312500e+02 2.900000000000000000e+01
9.214499999999999602e+01 4.550600891113281250e+02 2.400000000000000000e+01
9.248220000000000596e+01 4.551265258789062500e+02 3.200000000000000000e+01
9.248220000000000596e+01 4.552576904296875000e+02 2.100000000000000000e+01
9.281879999999999598e+01 4.570324096679687500e+02 2.300000000000000000e+01
