1.186997999999999998e+00 2.049208221435546875e+02 5.300000000000000000e+01
2.533997999999999973e+00 2.054243469238281250e+02 2.700000000000000000e+01
2.870999999999999996e+00 2.048942260742187500e+02 2.800000000000000000e+01
4.217999999999999972e+00 2.059509429931640625e+02 2.200000000000000000e+01
6.238979999999999748e+00 2.049128265380859375e+02 2.400000000000000000e+01
6.913020000000000387e+00 2.054362030029296875e+02 2.100000000000000000e+01
8.596980000000000288e+00 2.050428619384765625e+02 2.200000000000000000e+01
9.271020000000000039e+00 2.049163970947265625e+02 2.600000000000000000e+01
1.028100000000000058e+01 2.059546051025390625e+02 2.300000000000000000e+01
1.398701999999999934e+01 2.049730377197265625e+02 2.700000000000000000e+01
1.432398000000000060e+01 2.049878997802734375e+02 2.900000000000000000e+01
1.432398000000000060e+01 2.041213073730468750e+02 2.900000000000000000e+01
1.499802000000000035e+01 2.050712432861328125e+02 2.100000000000000000e+01
2.005001999999999995e+01 2.059179229736328125e+02 2.100000000000000000e+01
2.139798000000000044e+01 2.048948211669921875e+02 2.500000000000000000e+01
2.139798000000000044e+01 2.059628143310546875e+02 2.100000000000000000e+01
2.173499999999999943e+01 2.049184570312500000e+02 3.100000000000000000e+01
2.207201999999999842e+01 2.049363403320312500e+02 2.500000000000000000e+01
2.207201999999999842e+01 2.059301757812500000e+02 2.500000000000000000e+01
2.240897999999999968e+01 2.049377899169921875e+02 4.800000000000000000e+01
2.274701999999999913e+01 2.049369506835937500e+02 8.400000000000000000e+01
2.274701999999999913e+01 2.059958801269531250e+02 3.700000000000000000e+01
2.308398000000000039e+01 2.049358062744140625e+02 5.100000000000000000e+01
2.308398000000000039e+01 2.059333343505859375e+02 2.300000000000000000e+01
2.308398000000000039e+01 2.058079223632812500e+02 2.200000000000000000e+01
