8.060099999999999909e+02 1.871101379394531250e+02 2.200000000000000000e+01
8.060099999999999909e+02 1.879916381835937500e+02 2.100000000000000000e+01
8.063460000000000036e+02 1.871174316406250000e+02 3.100000000000000000e+01
8.113980000000000246e+02 1.880768127441406250e+02 2.300000000000000000e+01
8.120700000000000500e+02 1.875029602050781250e+02 2.500000000000000000e+01
8.127419999999999618e+02 1.880600280761718750e+02 2.300000000000000000e+01
8.151000000000000227e+02 1.885927581787109375e+02 3.200000000000000000e+01
8.154360000000000355e+02 1.881453857421875000e+02 3.400000000000000000e+01
8.157780000000000200e+02 1.880677032470703125e+02 2.300000000000000000e+01
8.157780000000000200e+02 1.889206695556640625e+02 2.100000000000000000e+01
8.164500000000000455e+02 1.890590209960937500e+02 2.700000000000000000e+01
8.184719999999999800e+02 1.881208648681640625e+02 2.700000000000000000e+01
8.194800000000000182e+02 1.881226196289062500e+02 2.100000000000000000e+01
8.198220000000000027e+02 1.889216003417968750e+02 2.500000000000000000e+01
8.201580000000000155e+02 1.881049346923828125e+02 2.100000000000000000e+01
8.215019999999999527e+02 1.890011901855468750e+02 2.100000000000000000e+01
8.238600000000000136e+02 1.871060943603515625e+02 2.500000000000000000e+01
8.245320000000000391e+02 1.881331024169921875e+02 2.300000000000000000e+01
8.272319999999999709e+02 1.881095581054687500e+02 3.200000000000000000e+01
8.312759999999999536e+02 1.871108703613281250e+02 3.200000000000000000e+01
8.312759999999999536e+02 1.881023559570312500e+02 2.500000000000000000e+01
8.346420000000000528e+02 1.876099548339843750e+02 2.100000000000000000e+01
