8.140919999999999845e+02 1.900384674072265625e+02 3.300000000000000000e+01
8.151000000000000227e+02 1.885927581787109375e+02 3.200000000000000000e+01
8.154360000000000355e+02 1.881453857421875000e+02 3.400000000000000000e+01
8.157780000000000200e+02 1.889206695556640625e+02 2.100000000000000000e+01
8.164500000000000455e+02 1.890590209960937500e+02 2.700000000000000000e+01
8.171219999999999573e+02 1.900918426513671875e+02 2.200000000000000000e+01
8.198220000000000027e+02 1.889216003417968750e+02 2.500000000000000000e+01
8.201580000000000155e+02 1.891254119873046875e+02 2.100000000000000000e+01
8.215019999999999527e+02 1.901153106689453125e+02 2.100000000000000000e+01
8.215019999999999527e+02 1.890011901855468750e+02 2.100000000000000000e+01
8.238600000000000136e+02 1.900771179199218750e+02 2.200000000000000000e+01
8.245320000000000391e+02 1.881331024169921875e+02 2.300000000000000000e+01
8.262179999999999609e+02 1.900968017578125000e+02 2.100000000000000000e+01
8.268959999999999582e+02 1.900422058105468750e+02 2.700000000000000000e+01
8.275679999999999836e+02 1.891427154541015625e+02 2.400000000000000000e+01
8.289120000000000346e+02 1.900431365966796875e+02 2.100000000000000000e+01
8.339700000000000273e+02 1.900816955566406250e+02 2.500000000000000000e+01
