8.076900000000000546e+02 1.921054077148437500e+02 3.200000000000000000e+01
8.087039999999999509e+02 1.921015625000000000e+02 2.600000000000000000e+01
8.093759999999999764e+02 1.920037078857421875e+02 2.100000000000000000e+01
8.110620000000000118e+02 1.930204772949218750e+02 2.100000000000000000e+01
8.120700000000000500e+02 1.921247406005859375e+02 2.900000000000000000e+01
8.124059999999999491e+02 1.930663757324218750e+02 2.300000000000000000e+01
8.144279999999999973e+02 1.921421813964843750e+02 2.600000000000000000e+01
8.147640000000000100e+02 1.931365356445312500e+02 2.800000000000000000e+01
8.151000000000000227e+02 1.921058807373046875e+02 2.700000000000000000e+01
8.157780000000000200e+02 1.921437835693359375e+02 2.100000000000000000e+01
8.174640000000000555e+02 1.921365966796875000e+02 2.300000000000000000e+01
8.177999999999999545e+02 1.929367980957031250e+02 2.200000000000000000e+01
8.181359999999999673e+02 1.931374511718750000e+02 2.800000000000000000e+01
8.181359999999999673e+02 1.930669708251953125e+02 2.400000000000000000e+01
8.188079999999999927e+02 1.931439208984375000e+02 2.500000000000000000e+01
8.198220000000000027e+02 1.931357116699218750e+02 2.800000000000000000e+01
8.201580000000000155e+02 1.921517944335937500e+02 2.100000000000000000e+01
8.204940000000000282e+02 1.920018463134765625e+02 2.500000000000000000e+01
8.211660000000000537e+02 1.930406951904296875e+02 4.300000000000000000e+01
8.225159999999999627e+02 1.931275787353515625e+02 4.200000000000000000e+01
8.228519999999999754e+02 1.930506134033203125e+02 3.000000000000000000e+01
8.231879999999999882e+02 1.920793304443359375e+02 3.000000000000000000e+01
8.245320000000000391e+02 1.921462554931640625e+02 2.500000000000000000e+01
8.255460000000000491e+02 1.930582580566406250e+02 2.300000000000000000e+01
8.275679999999999836e+02 1.930546722412109375e+02 2.700000000000000000e+01
8.282400000000000091e+02 1.931282958984375000e+02 3.200000000000000000e+01
8.282400000000000091e+02 1.929457397460937500e+02 2.200000000000000000e+01
8.285760000000000218e+02 1.931035461425781250e+02 2.500000000000000000e+01
8.292540000000000191e+02 1.931340332031250000e+02 2.300000000000000000e+01
8.305979999999999563e+02 1.931224365234375000e+02 2.300000000000000000e+01
8.312759999999999536e+02 1.930881500244140625e+02 2.300000000000000000e+01
8.336340000000000146e+02 1.920773315429687500e+02 3.000000000000000000e+01
8.343060000000000400e+02 1.931305541992187500e+02 2.200000000000000000e+01
8.346420000000000528e+02 1.921386260986328125e+02 3.200000000000000000e+01
