6.990900000000000603e+01 6.614797363281250000e+02 2.300000000000000000e+01
7.091880000000000450e+01 6.610505981445312500e+02 2.800000000000000000e+01
7.091880000000000450e+01 6.602975463867187500e+02 2.600000000000000000e+01
7.260479999999999734e+01 6.604967651367187500e+02 3.300000000000000000e+01
7.496280000000000143e+01 6.605710449218750000e+02 2.300000000000000000e+01
7.597379999999999711e+01 6.606201171875000000e+02 2.100000000000000000e+01
7.967820000000000391e+01 6.608545532226562500e+02 2.100000000000000000e+01
8.001479999999999393e+01 6.614796142578125000e+02 2.400000000000000000e+01
8.068919999999999959e+01 6.609242553710937500e+02 2.100000000000000000e+01
8.102580000000000382e+01 6.609218750000000000e+02 2.100000000000000000e+01
8.271179999999999666e+01 6.610579833984375000e+02 2.100000000000000000e+01
8.304900000000000659e+01 6.600437011718750000e+02 2.200000000000000000e+01
8.304900000000000659e+01 6.614771118164062500e+02 2.100000000000000000e+01
8.439600000000000080e+01 6.609989624023437500e+02 2.500000000000000000e+01
8.574299999999999500e+01 6.602924194335937500e+02 2.300000000000000000e+01
8.675400000000000489e+01 6.619478759765625000e+02 2.500000000000000000e+01
8.675400000000000489e+01 6.611768798828125000e+02 2.300000000000000000e+01
8.944799999999999329e+01 6.610136718750000000e+02 2.200000000000000000e+01
9.012179999999999325e+01 6.602245483398437500e+02 2.700000000000000000e+01
9.113280000000000314e+01 6.607460937500000000e+02 2.600000000000000000e+01
9.349200000000000443e+01 6.604710083007812500e+02 2.200000000000000000e+01
9.618720000000000425e+01 6.610578002929687500e+02 2.900000000000000000e+01
9.685980000000000700e+01 6.600698242187500000e+02 2.800000000000000000e+01
