5.110002000000000155e-01 2.139186859130859375e+02 2.100000000000000000e+01
1.860000000000000098e+00 2.139313964843750000e+02 2.200000000000000000e+01
2.197001999999999899e+00 2.139221343994140625e+02 3.800000000000000000e+01
2.197001999999999899e+00 2.135508117675781250e+02 2.500000000000000000e+01
3.544001999999999875e+00 2.139214630126953125e+02 4.600000000000000000e+01
4.217999999999999972e+00 2.129687500000000000e+02 3.100000000000000000e+01
4.217999999999999972e+00 2.139266357421875000e+02 2.200000000000000000e+01
4.555001999999999995e+00 2.131069030761718750e+02 2.100000000000000000e+01
5.565000000000000391e+00 2.139103240966796875e+02 2.200000000000000000e+01
6.238979999999999748e+00 2.124617462158203125e+02 2.400000000000000000e+01
7.249979999999999869e+00 2.129634246826171875e+02 4.500000000000000000e+01
7.586999999999999744e+00 2.139228973388671875e+02 3.100000000000000000e+01
8.933999999999999275e+00 2.129348144531250000e+02 2.300000000000000000e+01
9.271020000000000039e+00 2.130795593261718750e+02 2.400000000000000000e+01
1.061801999999999957e+01 2.139150543212890625e+02 2.200000000000000000e+01
1.095498000000000083e+01 2.139120025634765625e+02 4.300000000000000000e+01
1.162997999999999976e+01 2.139253845214843750e+02 3.900000000000000000e+01
1.196700000000000053e+01 2.121014099121093750e+02 2.400000000000000000e+01
1.230300000000000082e+01 2.131112670898437500e+02 2.600000000000000000e+01
1.230300000000000082e+01 2.139161682128906250e+02 2.400000000000000000e+01
1.264001999999999981e+01 2.139424285888671875e+02 2.100000000000000000e+01
1.331400000000000006e+01 2.139166870117187500e+02 2.600000000000000000e+01
1.432398000000000060e+01 2.139234771728515625e+02 2.600000000000000000e+01
1.466099999999999959e+01 2.139168243408203125e+02 4.000000000000000000e+01
1.600799999999999912e+01 2.139201049804687500e+02 3.700000000000000000e+01
1.600799999999999912e+01 2.129477539062500000e+02 3.000000000000000000e+01
1.802898000000000067e+01 2.140267944335937500e+02 2.400000000000000000e+01
1.802898000000000067e+01 2.139345245361328125e+02 2.100000000000000000e+01
1.836599999999999966e+01 2.139265899658203125e+02 2.100000000000000000e+01
1.870301999999999865e+01 2.139077606201171875e+02 2.500000000000000000e+01
1.903902000000000072e+01 2.139294891357421875e+02 4.400000000000000000e+01
2.072297999999999973e+01 2.139147338867187500e+02 2.100000000000000000e+01
2.105999999999999872e+01 2.129602966308593750e+02 2.700000000000000000e+01
2.173499999999999943e+01 2.140307312011718750e+02 4.000000000000000000e+01
2.173499999999999943e+01 2.139280395507812500e+02 3.700000000000000000e+01
2.207201999999999842e+01 2.140310363769531250e+02 2.200000000000000000e+01
2.240897999999999968e+01 2.140369720458984375e+02 8.100000000000000000e+01
2.240897999999999968e+01 2.129434814453125000e+02 2.600000000000000000e+01
2.240897999999999968e+01 2.139069976806640625e+02 2.200000000000000000e+01
2.240897999999999968e+01 2.124154357910156250e+02 2.200000000000000000e+01
2.274701999999999913e+01 2.139363861083984375e+02 4.100000000000000000e+01
2.274701999999999913e+01 2.129554748535156250e+02 3.700000000000000000e+01
2.274701999999999913e+01 2.137205505371093750e+02 2.500000000000000000e+01
2.308398000000000039e+01 2.139192657470703125e+02 4.900000000000000000e+01
2.308398000000000039e+01 2.140217285156250000e+02 4.400000000000000000e+01
2.308398000000000039e+01 2.129174041748046875e+02 3.300000000000000000e+01
2.342099999999999937e+01 2.139182128906250000e+02 8.000000000000000000e+01
2.342099999999999937e+01 2.140337829589843750e+02 3.800000000000000000e+01
2.342099999999999937e+01 2.129721374511718750e+02 2.500000000000000000e+01
2.375700000000000145e+01 2.139163513183593750e+02 1.300000000000000000e+02
2.375700000000000145e+01 2.140415954589843750e+02 6.100000000000000000e+01
2.375700000000000145e+01 2.134456329345703125e+02 2.400000000000000000e+01
