7.967820000000000391e+01 6.460056152343750000e+02 3.000000000000000000e+01
8.035200000000000387e+01 6.453920898437500000e+02 2.200000000000000000e+01
8.203799999999999670e+01 6.469109497070312500e+02 2.300000000000000000e+01
8.439600000000000080e+01 6.450924072265625000e+02 2.200000000000000000e+01
8.439600000000000080e+01 6.454288940429687500e+02 2.100000000000000000e+01
8.540579999999999927e+01 6.462560424804687500e+02 2.600000000000000000e+01
8.574299999999999500e+01 6.469517822265625000e+02 2.300000000000000000e+01
8.675400000000000489e+01 6.453464355468750000e+02 2.600000000000000000e+01
8.978520000000000323e+01 6.462440185546875000e+02 2.200000000000000000e+01
9.012179999999999325e+01 6.465932617187500000e+02 2.300000000000000000e+01
9.146999999999999886e+01 6.464526367187500000e+02 2.800000000000000000e+01
9.146999999999999886e+01 6.456392211914062500e+02 2.100000000000000000e+01
9.214499999999999602e+01 6.450755004882812500e+02 2.300000000000000000e+01
9.315600000000000591e+01 6.460631103515625000e+02 4.000000000000000000e+01
9.315600000000000591e+01 6.457923583984375000e+02 2.400000000000000000e+01
9.315600000000000591e+01 6.464002685546875000e+02 2.200000000000000000e+01
9.416580000000000439e+01 6.461936645507812500e+02 3.200000000000000000e+01
9.484019999999999584e+01 6.452511596679687500e+02 2.200000000000000000e+01
9.652320000000000277e+01 6.462162475585937500e+02 2.800000000000000000e+01
9.820680000000000121e+01 6.460693969726562500e+02 2.700000000000000000e+01
9.888120000000000687e+01 6.451323852539062500e+02 2.200000000000000000e+01
1.005648000000000053e+02 6.459119873046875000e+02 2.600000000000000000e+01
1.019117999999999995e+02 6.452362670898437500e+02 2.200000000000000000e+01
1.046081999999999965e+02 6.469430541992187500e+02 3.800000000000000000e+01
1.046081999999999965e+02 6.453351440429687500e+02 2.300000000000000000e+01
1.056192000000000064e+02 6.460571289062500000e+02 2.800000000000000000e+01
1.056192000000000064e+02 6.456849975585937500e+02 2.100000000000000000e+01
