8.237520000000000664e+01 4.351065063476562500e+02 3.600000000000000000e+01
8.237520000000000664e+01 4.361157531738281250e+02 2.200000000000000000e+01
8.271179999999999666e+01 4.350913696289062500e+02 4.200000000000000000e+01
8.304900000000000659e+01 4.360371093750000000e+02 3.700000000000000000e+01
8.338620000000000232e+01 4.370025634765625000e+02 4.800000000000000000e+01
8.338620000000000232e+01 4.361336059570312500e+02 2.900000000000000000e+01
8.338620000000000232e+01 4.360391845703125000e+02 2.400000000000000000e+01
8.372220000000000084e+01 4.355446472167968750e+02 2.500000000000000000e+01
8.405880000000000507e+01 4.350330200195312500e+02 3.200000000000000000e+01
8.405880000000000507e+01 4.359811401367187500e+02 2.500000000000000000e+01
8.439600000000000080e+01 4.359815063476562500e+02 4.100000000000000000e+01
8.506980000000000075e+01 4.360383911132812500e+02 6.100000000000000000e+01
8.506980000000000075e+01 4.369440307617187500e+02 2.200000000000000000e+01
8.540579999999999927e+01 4.360237121582031250e+02 3.600000000000000000e+01
8.574299999999999500e+01 4.363170776367187500e+02 3.000000000000000000e+01
8.608020000000000493e+01 4.354216308593750000e+02 2.500000000000000000e+01
8.675400000000000489e+01 4.350697326660156250e+02 3.000000000000000000e+01
8.709000000000000341e+01 4.358958129882812500e+02 2.500000000000000000e+01
8.709000000000000341e+01 4.360544738769531250e+02 2.100000000000000000e+01
8.776380000000000337e+01 4.350784301757812500e+02 2.200000000000000000e+01
8.810099999999999909e+01 4.361039428710937500e+02 2.200000000000000000e+01
8.843699999999999761e+01 4.350427856445312500e+02 2.200000000000000000e+01
8.877419999999999334e+01 4.350685424804687500e+02 4.700000000000000000e+01
8.911079999999999757e+01 4.370209045410156250e+02 3.600000000000000000e+01
8.944799999999999329e+01 4.360154724121093750e+02 3.100000000000000000e+01
8.944799999999999329e+01 4.351012268066406250e+02 2.200000000000000000e+01
8.978520000000000323e+01 4.351328735351562500e+02 3.900000000000000000e+01
8.978520000000000323e+01 4.360643615722656250e+02 2.800000000000000000e+01
9.046020000000000039e+01 4.351138000488281250e+02 2.200000000000000000e+01
9.079619999999999891e+01 4.355418395996093750e+02 2.400000000000000000e+01
9.079619999999999891e+01 4.350683288574218750e+02 2.400000000000000000e+01
9.113280000000000314e+01 4.351047363281250000e+02 3.600000000000000000e+01
9.113280000000000314e+01 4.360977172851562500e+02 2.500000000000000000e+01
9.146999999999999886e+01 4.351143188476562500e+02 3.100000000000000000e+01
9.146999999999999886e+01 4.365338745117187500e+02 2.300000000000000000e+01
9.180719999999999459e+01 4.350301513671875000e+02 3.000000000000000000e+01
9.180719999999999459e+01 4.359057617187500000e+02 2.600000000000000000e+01
9.248220000000000596e+01 4.360234680175781250e+02 2.600000000000000000e+01
9.281879999999999598e+01 4.359533996582031250e+02 4.500000000000000000e+01
9.315600000000000591e+01 4.351096496582031250e+02 2.300000000000000000e+01
9.349200000000000443e+01 4.360206604003906250e+02 2.100000000000000000e+01
9.416580000000000439e+01 4.360208129882812500e+02 3.700000000000000000e+01
9.416580000000000439e+01 4.351364440917968750e+02 2.600000000000000000e+01
9.416580000000000439e+01 4.362235107421875000e+02 2.200000000000000000e+01
9.450300000000000011e+01 4.360062866210937500e+02 2.100000000000000000e+01
9.484019999999999584e+01 4.351291503906250000e+02 3.000000000000000000e+01
9.551279999999999859e+01 4.360207519531250000e+02 2.900000000000000000e+01
9.584999999999999432e+01 4.362511596679687500e+02 2.700000000000000000e+01
9.584999999999999432e+01 4.370111389160156250e+02 2.100000000000000000e+01
9.652320000000000277e+01 4.369313049316406250e+02 2.700000000000000000e+01
9.652320000000000277e+01 4.351219787597656250e+02 2.100000000000000000e+01
9.685980000000000700e+01 4.360267639160156250e+02 4.400000000000000000e+01
9.719700000000000273e+01 4.364248657226562500e+02 2.100000000000000000e+01
9.753419999999999845e+01 4.360172424316406250e+02 3.200000000000000000e+01
9.753419999999999845e+01 4.350603637695312500e+02 2.200000000000000000e+01
9.787080000000000268e+01 4.351188354492187500e+02 2.900000000000000000e+01
9.787080000000000268e+01 4.359336547851562500e+02 2.300000000000000000e+01
9.955500000000000682e+01 4.370260314941406250e+02 2.100000000000000000e+01
1.005648000000000053e+02 4.361394958496093750e+02 2.200000000000000000e+01
1.009020000000000010e+02 4.370041198730468750e+02 5.900000000000000000e+01
1.009020000000000010e+02 4.351532287597656250e+02 2.400000000000000000e+01
1.012391999999999967e+02 4.370181884765625000e+02 2.800000000000000000e+01
1.015758000000000010e+02 4.351069641113281250e+02 5.300000000000000000e+01
1.015758000000000010e+02 4.358497314453125000e+02 2.100000000000000000e+01
1.019117999999999995e+02 4.361030578613281250e+02 2.500000000000000000e+01
1.019117999999999995e+02 4.362496948242187500e+02 2.300000000000000000e+01
1.025879999999999939e+02 4.353640136718750000e+02 2.300000000000000000e+01
1.029240000000000066e+02 4.359449157714843750e+02 2.300000000000000000e+01
1.029240000000000066e+02 4.360976562500000000e+02 2.200000000000000000e+01
1.032612000000000023e+02 4.361548461914062500e+02 3.600000000000000000e+01
1.032612000000000023e+02 4.360311889648437500e+02 3.400000000000000000e+01
1.035978000000000065e+02 4.360519714355468750e+02 2.600000000000000000e+01
1.052819999999999965e+02 4.365021972656250000e+02 3.500000000000000000e+01
1.066302000000000021e+02 4.354887695312500000e+02 3.100000000000000000e+01
1.073058000000000050e+02 4.369082946777343750e+02 2.900000000000000000e+01
1.086539999999999964e+02 4.360413818359375000e+02 2.900000000000000000e+01
1.089912000000000063e+02 4.359651794433593750e+02 2.200000000000000000e+01
1.096637999999999948e+02 4.368372497558593750e+02 2.300000000000000000e+01
1.100010000000000048e+02 4.350596618652343750e+02 2.500000000000000000e+01
1.100010000000000048e+02 4.359326782226562500e+02 2.300000000000000000e+01
1.106748000000000047e+02 4.367983398437500000e+02 2.100000000000000000e+01
1.110108000000000033e+02 4.361783447265625000e+02 3.100000000000000000e+01
1.113479999999999990e+02 4.367801513671875000e+02 2.200000000000000000e+01
